5.136944444444443980e-03	0.000000000000000000e+00	4.377558232751654899e-03
5.988888888888888214e-03	4.504504504504504465e-03	5.098889652400906414e-03
1.565499999999999878e-02	9.009009009009008931e-03	1.319129242254868384e-02
1.847083333333333563e-02	1.351351351351351426e-02	1.551733864292892395e-02
2.065222222222222112e-02	1.801801801801801786e-02	1.730970002548637421e-02
2.078249999999999889e-02	2.252252252252252146e-02	1.741648025767250640e-02
2.606250000000000233e-02	2.702702702702702853e-02	2.171929156203855626e-02
2.828638888888888869e-02	3.153153153153152866e-02	2.351717230478123088e-02
2.862555555555555686e-02	3.603603603603603572e-02	2.379062202763759792e-02
3.577611111111111269e-02	4.054054054054054279e-02	2.951011111639756379e-02
3.719305555555555559e-02	4.504504504504504292e-02	3.063322829095982414e-02
3.811805555555555086e-02	4.954954954954954999e-02	3.136460043165445466e-02
4.223472222222222211e-02	5.405405405405405705e-02	3.460225983714326770e-02
4.601805555555555510e-02	5.855855855855855718e-02	3.755307543716979168e-02
4.619055555555555415e-02	6.306306306306305731e-02	3.768705745423239772e-02
4.952916666666666579e-02	6.756756756756757132e-02	4.027063031464861442e-02
5.005194444444444751e-02	7.207207207207207145e-02	4.067354122905697533e-02
5.129666666666667096e-02	7.657657657657657158e-02	4.163108498229040055e-02
5.274611111111111167e-02	8.108108108108108558e-02	4.274297083080769166e-02
5.464638888888889018e-02	8.558558558558558571e-02	4.419558675488755028e-02
5.877083333333332771e-02	9.009009009009008584e-02	4.732859135773925807e-02
6.134027777777777135e-02	9.459459459459459985e-02	4.926677644658605804e-02
6.205416666666666720e-02	9.909909909909909997e-02	4.980343450267477046e-02
6.349111111111110928e-02	1.036036036036036001e-01	5.088122133479622278e-02
7.247361111111109977e-02	1.081081081081081141e-01	5.754600430131340261e-02
7.549861111111111356e-02	1.126126126126126142e-01	5.976263545908744312e-02
7.782250000000000278e-02	1.171171171171171144e-01	6.145610367052634082e-02
7.820249999999999424e-02	1.216216216216216145e-01	6.173224399922849770e-02
8.230694444444444646e-02	1.261261261261261146e-01	6.470110035115972380e-02
8.233250000000000290e-02	1.306306306306306286e-01	6.471950665845183082e-02
8.899361111111112055e-02	1.351351351351351426e-01	6.948423805643866302e-02
9.666833333333332834e-02	1.396396396396396289e-01	7.489371072942252461e-02
9.738694444444444265e-02	1.441441441441441429e-01	7.539587324349938946e-02
9.830555555555554881e-02	1.486486486486486569e-01	7.603672007172157521e-02
1.036744444444444441e-01	1.531531531531531432e-01	7.975821428023421866e-02
1.155622222222222190e-01	1.576576576576576572e-01	8.785484213031402589e-02
1.188397222222222216e-01	1.621621621621621712e-01	9.005294621688908485e-02
1.224213888888888851e-01	1.666666666666666574e-01	9.243842580717565038e-02
1.373052777777777622e-01	1.711711711711711714e-01	1.021689358582265061e-01
1.497344444444444478e-01	1.756756756756756854e-01	1.100749634885025419e-01
1.676972222222222197e-01	1.801801801801801717e-01	1.211607041094993065e-01
1.793008333333333260e-01	1.846846846846846857e-01	1.281154537354683987e-01
1.816016666666666612e-01	1.891891891891891997e-01	1.294757354735044386e-01
1.954716666666666547e-01	1.936936936936936859e-01	1.375473808118975461e-01
2.137269444444444555e-01	1.981981981981981999e-01	1.478443926434208633e-01
2.284822222222221977e-01	2.027027027027027140e-01	1.559060327938476265e-01
2.636027777777777970e-01	2.072072072072072002e-01	1.742049595113085436e-01
2.671505555555555578e-01	2.117117117117117142e-01	1.759867129793826201e-01
2.787161111111111089e-01	2.162162162162162282e-01	1.817133997529262190e-01
3.532491666666666141e-01	2.207207207207207145e-01	2.158172979752820408e-01
3.579555555555555824e-01	2.252252252252252285e-01	2.178189898355331611e-01
3.981097222222221843e-01	2.297297297297297147e-01	2.342276607915395603e-01
4.142163888888888978e-01	2.342342342342342287e-01	2.404876746824394784e-01
4.383313888888888954e-01	2.387387387387387427e-01	2.495356134085441324e-01
4.882372222222222113e-01	2.432432432432432290e-01	2.671020371664521997e-01
5.068905555555556219e-01	2.477477477477477430e-01	2.732927521861961973e-01
5.350472222222222296e-01	2.522522522522522292e-01	2.822766188132523890e-01
5.389874999999999527e-01	2.567567567567567433e-01	2.835004227642573538e-01
5.531755555555555315e-01	2.612612612612612573e-01	2.878412852117024912e-01
6.519163888888888092e-01	2.657657657657657713e-01	3.154162226155527993e-01
6.565227777777777884e-01	2.702702702702702853e-01	3.165987795052295217e-01
6.644550000000000178e-01	2.747747747747747993e-01	3.186150359508451713e-01
6.723750000000000560e-01	2.792792792792792578e-01	3.206031402271118935e-01
6.780888888888888522e-01	2.837837837837837718e-01	3.220221391490560858e-01
6.841602777777777700e-01	2.882882882882882858e-01	3.235160308651535699e-01
6.949244444444444557e-01	2.927927927927927998e-01	3.261299414469538416e-01
7.040091666666666859e-01	2.972972972972973138e-01	3.283021191103467906e-01
7.280613888888889385e-01	3.018018018018017723e-01	3.339074267486126235e-01
7.329030555555555715e-01	3.063063063063062863e-01	3.350108270725149495e-01
7.432347222222221994e-01	3.108108108108108003e-01	3.373381388043020790e-01
7.522561111111110144e-01	3.153153153153153143e-01	3.393404273086367828e-01
7.806797222222222610e-01	3.198198198198198283e-01	3.454724180394503907e-01
7.879502777777778189e-01	3.243243243243243423e-01	3.469990897335032409e-01
8.159827777777778346e-01	3.288288288288288008e-01	3.527321086304464615e-01
8.230052777777777662e-01	3.333333333333333148e-01	3.541311882408708644e-01
8.256205555555555797e-01	3.378378378378378288e-01	3.546485143789760430e-01
8.546488888888889024e-01	3.423423423423423428e-01	3.602585775305878757e-01
8.972736111111111468e-01	3.468468468468468568e-01	3.680770619356996676e-01
9.502019444444443907e-01	3.513513513513513709e-01	3.771423559078674881e-01
9.690138888888888413e-01	3.558558558558558294e-01	3.802043352266945009e-01
9.814933333333334398e-01	3.603603603603603434e-01	3.821915889192716298e-01
9.929133333333333145e-01	3.648648648648648574e-01	3.839801602830269500e-01
1.003219166666666551e+00	3.693693693693693714e-01	3.855701410882262925e-01
1.021501666666666752e+00	3.738738738738738854e-01	3.883358398819237722e-01
1.029948055555555575e+00	3.783783783783783994e-01	3.895903664808615385e-01
1.041424166666666595e+00	3.828828828828828579e-01	3.912719148220302756e-01
1.083529722222222214e+00	3.873873873873873719e-01	3.972228117336009667e-01
1.167367500000000113e+00	3.918918918918918859e-01	4.081263319801938794e-01
1.171948055555555479e+00	3.963963963963963999e-01	4.086884318584323994e-01
1.184833333333333183e+00	4.009009009009009139e-01	4.102520174341380832e-01
1.210001388888888973e+00	4.054054054054054279e-01	4.132328678383242471e-01
1.336337222222222287e+00	4.099099099099098864e-01	4.268598130318473904e-01
1.454343055555555653e+00	4.144144144144144004e-01	4.378511168393062203e-01
1.489383333333333281e+00	4.189189189189189144e-01	4.408378760247766426e-01
1.504305277777777672e+00	4.234234234234234284e-01	4.420746509005042402e-01
1.601669444444444590e+00	4.279279279279279424e-01	4.496675977743772590e-01
1.603718888888888916e+00	4.324324324324324564e-01	4.498190567728206357e-01
1.621105277777777909e+00	4.369369369369369149e-01	4.510909088339912776e-01
1.640866666666666696e+00	4.414414414414414289e-01	4.525087300907005838e-01
1.641809166666666542e+00	4.459459459459459429e-01	4.525756280906793050e-01
1.660889166666666750e+00	4.504504504504504570e-01	4.539160365601330183e-01
1.753788055555555392e+00	4.549549549549549710e-01	4.600856614082485807e-01
1.785006944444444299e+00	4.594594594594594295e-01	4.620355164227442080e-01
1.823178888888888904e+00	4.639639639639639435e-01	4.643419970027199417e-01
1.973730277777777875e+00	4.684684684684684575e-01	4.726922401445392552e-01
2.143041388888888843e+00	4.729729729729729715e-01	4.808890826467585589e-01
2.224598888888888570e+00	4.774774774774774855e-01	4.844678970502330762e-01
2.227233055555555286e+00	4.819819819819819995e-01	4.845799534002226405e-01
2.365075277777778151e+00	4.864864864864864580e-01	4.901662385043698000e-01
2.367709722222222091e+00	4.909909909909909720e-01	4.902680510223473842e-01
2.427621944444444679e+00	4.954954954954954860e-01	4.925379023501541553e-01
2.468270555555555301e+00	5.000000000000000000e-01	4.940305833607931962e-01
2.470841666666666825e+00	5.045045045045044585e-01	4.941237729184861927e-01
2.609483333333333377e+00	5.090090090090090280e-01	4.989502751388731339e-01
2.635677222222222227e+00	5.135135135135134865e-01	4.998216373420207859e-01
2.651339722222222139e+00	5.180180180180180560e-01	5.003370106536685347e-01
2.687321388888888940e+00	5.225225225225225145e-01	5.015055224780369247e-01
2.744834166666666686e+00	5.270270270270269730e-01	5.033306885406814146e-01
2.751508888888889004e+00	5.315315315315315425e-01	5.035392704360723837e-01
2.797000277777777377e+00	5.360360360360360010e-01	5.049437798658400478e-01
2.988395555555555472e+00	5.405405405405405705e-01	5.105599144627556152e-01
3.064202777777777609e+00	5.450450450450450290e-01	5.126703628905947552e-01
3.115491666666666770e+00	5.495495495495495986e-01	5.140664098939117244e-01
3.280636944444444314e+00	5.540540540540540571e-01	5.184075528638653063e-01
3.310624166666666479e+00	5.585585585585585155e-01	5.191731255429590242e-01
3.392464722222221951e+00	5.630630630630630851e-01	5.212309389805942494e-01
3.441215833333333585e+00	5.675675675675675436e-01	5.224361878279177862e-01
3.522305000000000241e+00	5.720720720720721131e-01	5.244097264269675929e-01
3.551094166666666663e+00	5.765765765765765716e-01	5.251016036869912140e-01
3.625130555555555301e+00	5.810810810810810301e-01	5.268612223534732131e-01
3.981980277777778188e+00	5.855855855855855996e-01	5.350076049717502613e-01
4.664487777777777566e+00	5.900900900900900581e-01	5.495224018679338851e-01
5.803852499999999637e+00	5.945945945945946276e-01	5.719950686806504203e-01
5.901548888888888733e+00	5.990990990990990861e-01	5.738516456956147538e-01
7.790651666666667197e+00	6.036036036036035446e-01	6.080787860863370309e-01
1.525172722222222177e+01	6.081081081081081141e-01	7.182492716862509674e-01
1.560237194444444420e+01	6.126126126126125726e-01	7.225855155355714876e-01
1.576303249999999956e+01	6.171171171171171421e-01	7.245499661054146667e-01
1.723063138888888801e+01	6.216216216216216006e-01	7.418630747030219297e-01
1.851337361111111335e+01	6.261261261261261701e-01	7.561018267423147421e-01
1.905916222222221990e+01	6.306306306306306286e-01	7.619194578959480602e-01
2.044742361111111251e+01	6.351351351351350871e-01	7.760993855070363878e-01
2.246379666666666708e+01	6.396396396396396566e-01	7.952044146151495685e-01
2.377938722222221912e+01	6.441441441441441151e-01	8.067818203565877422e-01
2.401731111111111261e+01	6.486486486486486847e-01	8.088045959897748327e-01
2.406685888888888769e+01	6.531531531531531432e-01	8.092231685456983126e-01
2.406994750000000138e+01	6.576576576576576016e-01	8.092492303294620548e-01
2.411100222222222200e+01	6.621621621621621712e-01	8.095953131857546170e-01
2.414051027777777847e+01	6.666666666666666297e-01	8.098436721120157999e-01
2.414630388888889101e+01	6.711711711711711992e-01	8.098923968393970663e-01
2.414668972222222010e+01	6.756756756756756577e-01	8.098956412847788666e-01
2.417356305555555807e+01	6.801801801801802272e-01	8.101214810750011486e-01
2.418051166666666774e+01	6.846846846846846857e-01	8.101798325776101706e-01
2.418224027777777962e+01	6.891891891891891442e-01	8.101943459383843527e-01
2.420581111111111028e+01	6.936936936936937137e-01	8.103921351709029164e-01
2.420727055555555651e+01	6.981981981981981722e-01	8.104043749855027734e-01
2.420954638888888866e+01	7.027027027027027417e-01	8.104234599716250154e-01
2.420999972222222141e+01	7.072072072072072002e-01	8.104272613651803958e-01
2.421130916666666621e+01	7.117117117117116587e-01	8.104382411878580106e-01
2.421157249999999905e+01	7.162162162162162282e-01	8.104404491873995475e-01
2.421271972222222146e+01	7.207207207207206867e-01	8.104500681258279826e-01
2.421273277777777722e+01	7.252252252252252562e-01	8.104501775879356940e-01
2.421982750000000095e+01	7.297297297297297147e-01	8.105096527421675745e-01
2.421985916666666583e+01	7.342342342342341732e-01	8.105099181624336735e-01
2.422333166666666671e+01	7.387387387387387427e-01	8.105390213344837447e-01
2.422480611111111060e+01	7.432432432432432012e-01	8.105513773649309917e-01
2.422539027777777676e+01	7.477477477477477708e-01	8.105562725324124695e-01
2.422893833333333191e+01	7.522522522522522292e-01	8.105860016148263014e-01
2.423057944444444445e+01	7.567567567567567988e-01	8.105997508720496070e-01
2.424089000000000027e+01	7.612612612612612573e-01	8.106861100550594168e-01
2.424876555555555413e+01	7.657657657657657158e-01	8.107520476311197433e-01
2.427007111111111115e+01	7.702702702702702853e-01	8.109303119276840555e-01
2.427180749999999776e+01	7.747747747747747438e-01	8.109448329492334739e-01
2.427350111111111275e+01	7.792792792792793133e-01	8.109589951556739340e-01
2.428264361111111214e+01	7.837837837837837718e-01	8.110354276648388261e-01
2.429629611111111132e+01	7.882882882882882303e-01	8.111495068446161749e-01
2.429934861111111033e+01	7.927927927927927998e-01	8.111750038642793204e-01
2.430388611111111175e+01	7.972972972972972583e-01	8.112128984778260721e-01
2.430577861111111204e+01	8.018018018018018278e-01	8.112287013115875300e-01
2.431206472222222459e+01	8.063063063063062863e-01	8.112811823696183255e-01
2.431226472222222412e+01	8.108108108108108558e-01	8.112828518765388131e-01
2.431230833333333408e+01	8.153153153153153143e-01	8.112832159198364312e-01
2.431254611111111075e+01	8.198198198198197728e-01	8.112852007550178657e-01
2.431561694444444655e+01	8.243243243243243423e-01	8.113108324692491768e-01
2.431679111111111169e+01	8.288288288288288008e-01	8.113206321150701061e-01
2.431756111111111096e+01	8.333333333333333703e-01	8.113270582920786289e-01
2.432101972222222130e+01	8.378378378378378288e-01	8.113559200696619511e-01
2.432302138888888621e+01	8.423423423423422873e-01	8.113726217687099451e-01
2.432479166666666615e+01	8.468468468468468568e-01	8.113873915506932821e-01
2.432866999999999891e+01	8.513513513513513153e-01	8.114197452202263072e-01
2.433290722222222158e+01	8.558558558558558849e-01	8.114550864537272146e-01
2.443183388888888885e+01	8.603603603603603434e-01	8.122783204378170030e-01
2.446876722222222256e+01	8.648648648648649129e-01	8.125847447225700293e-01
2.447049805555555579e+01	8.693693693693693714e-01	8.125990926280414195e-01
2.447370527777777838e+01	8.738738738738738299e-01	8.126256762944634726e-01
2.451174777777777791e+01	8.783783783783783994e-01	8.129407112328712603e-01
2.451844083333333302e+01	8.828828828828828579e-01	8.129960824876418801e-01
2.451896194444444532e+01	8.873873873873874274e-01	8.130003929213931446e-01
2.451959611111111315e+01	8.918918918918918859e-01	8.130056383738565318e-01
2.452060638888888988e+01	8.963963963963963444e-01	8.130139944915879546e-01
2.452172361111110988e+01	9.009009009009009139e-01	8.130232347237003054e-01
2.452358000000000260e+01	9.054054054054053724e-01	8.130385873865944024e-01
2.452930694444444626e+01	9.099099099099099419e-01	8.130859422825351679e-01
2.453258916666666423e+01	9.144144144144144004e-01	8.131130768787804275e-01
2.453300277777777794e+01	9.189189189189188589e-01	8.131164959809631387e-01
2.456228944444444551e+01	9.234234234234234284e-01	8.133584342590655103e-01
2.456340333333332993e+01	9.279279279279278869e-01	8.133676299524950082e-01
2.456616416666666680e+01	9.324324324324324564e-01	8.133904200186294897e-01
2.459927111111111131e+01	9.369369369369369149e-01	8.136634938116169558e-01
2.461577388888888862e+01	9.414414414414414845e-01	8.137994632931850880e-01
2.461711277777777696e+01	9.459459459459459429e-01	8.138104902975880073e-01
2.462556888888888906e+01	9.504504504504504014e-01	8.138801192101284832e-01
2.462809250000000105e+01	9.549549549549549710e-01	8.139008939645875351e-01
2.464309222222222218e+01	9.594594594594594295e-01	8.140243261392210439e-01
2.466971444444444117e+01	9.639639639639639990e-01	8.142431978864618225e-01
2.468918999999999997e+01	9.684684684684684575e-01	8.144031509170526206e-01
2.470210277777777819e+01	9.729729729729729160e-01	8.145091278132978729e-01
2.470246194444444399e+01	9.774774774774774855e-01	8.145120746770696529e-01
2.470821027777777701e+01	9.819819819819819440e-01	8.145592318018581857e-01
2.470971972222222135e+01	9.864864864864865135e-01	8.145716127183660893e-01
2.476657888888888692e+01	9.909909909909909720e-01	8.150373871379864577e-01
2.480448138888888820e+01	9.954954954954955415e-01	8.153472237578219817e-01
2.480677444444444646e+01	1.000000000000000000e+00	8.153659518412702534e-01
