1.920000000000000049e-03	0.000000000000000000e+00	1.810154202264158130e-04
2.066194444444444459e-02	8.620689655172413673e-03	1.945709978746212876e-03
7.720888888888888246e-02	1.724137931034482735e-02	7.245076621705037745e-03
1.179988888888888893e-01	2.586206896551724102e-02	1.104461893479291579e-02
1.216288888888888836e-01	3.448275862068965469e-02	1.138181358366840978e-02
1.391052777777777860e-01	4.310344827586207184e-02	1.300308303746777749e-02
1.473527777777777770e-01	5.172413793103448204e-02	1.376697014034333755e-02
1.650452777777777769e-01	6.034482758620689224e-02	1.540301261174692460e-02
1.651650000000000063e-01	6.896551724137930939e-02	1.541407115856530119e-02
1.656797222222222143e-01	7.758620689655172653e-02	1.546161280618008060e-02
2.072038888888888819e-01	8.620689655172414367e-02	1.928695814976955081e-02
2.509388888888888780e-01	9.482758620689654694e-02	2.329464865318253697e-02
2.731991666666666596e-01	1.034482758620689641e-01	2.532612739776274324e-02
2.768186111111111125e-01	1.120689655172413812e-01	2.565590803418738020e-02
2.878288888888888564e-01	1.206896551724137845e-01	2.665818010398468552e-02
2.923594444444443941e-01	1.293103448275862155e-01	2.707020196911058552e-02
3.053472222222222143e-01	1.379310344827586188e-01	2.825006045892808348e-02
3.488972222222221919e-01	1.465517241379310220e-01	3.219243572598584624e-02
3.971255555555555650e-01	1.551724137931034531e-01	3.653350468144089813e-02
4.298988888888888860e-01	1.637931034482758563e-01	3.946866106430790833e-02
4.948933333333333517e-01	1.724137931034482873e-01	4.525434231159419785e-02
5.000249999999999417e-01	1.810344827586206906e-01	4.570917093628057426e-02
5.155141666666667177e-01	1.896551724137930939e-01	4.708024988993264603e-02
7.699427777777777537e-01	1.982758620689655249e-01	6.922982928182119799e-02
8.596036111111110545e-01	2.068965517241379282e-01	7.687096483817101866e-02
9.644838888888888073e-01	2.155172413793103314e-01	8.570266161584250142e-02
9.699066666666666947e-01	2.241379310344827624e-01	8.615620627875764104e-02
1.083725277777777718e+00	2.327586206896551657e-01	9.560620498498539899e-02
1.417713611111111272e+00	2.413793103448275690e-01	1.225865425097266703e-01
1.418058888888888758e+00	2.500000000000000000e-01	1.226138679469349624e-01
1.578191666666666659e+00	2.586206896551724310e-01	1.351635426942173757e-01
1.795910833333333567e+00	2.672413793103448065e-01	1.518381815354673536e-01
1.815776944444444263e+00	2.758620689655172376e-01	1.533378174845463349e-01
2.190738611111111123e+00	2.844827586206896686e-01	1.809755771048978668e-01
2.219391111111111314e+00	2.931034482758620441e-01	1.830363890335893196e-01
2.641268333333333551e+00	3.017241379310344751e-01	2.125703179057980563e-01
2.831627500000000186e+00	3.103448275862069061e-01	2.254144522568869435e-01
2.861539722222222082e+00	3.189655172413792816e-01	2.274062448351590326e-01
3.036401666666666888e+00	3.275862068965517127e-01	2.389085599422814399e-01
3.556251944444444479e+00	3.362068965517241437e-01	2.717231879237611558e-01
3.778121111111111485e+00	3.448275862068965747e-01	2.851241868021631154e-01
3.804773611111111009e+00	3.534482758620689502e-01	2.867105122392702432e-01
4.059638888888889241e+00	3.620689655172413812e-01	3.016308533561896654e-01
4.376401944444444858e+00	3.706896551724138122e-01	3.195628160428587439e-01
4.421409166666666835e+00	3.793103448275861878e-01	3.220571130678073768e-01
4.665206944444443948e+00	3.879310344827586188e-01	3.353427969078333071e-01
4.805988055555555860e+00	3.965517241379310498e-01	3.428443757964653171e-01
4.922063055555555344e+00	4.051724137931034253e-01	3.489377481538109560e-01
5.799809722222222241e+00	4.137931034482758563e-01	3.924585826531026278e-01
7.134334444444443868e+00	4.224137931034482873e-01	4.507841137464984049e-01
7.436001111111110617e+00	4.310344827586206629e-01	4.627900117368912714e-01
7.799578888888889061e+00	4.396551724137930939e-01	4.767290442383046445e-01
7.987561666666667115e+00	4.482758620689655249e-01	4.837163480329358389e-01
8.406832222222222484e+00	4.568965517241379004e-01	4.987822156246070060e-01
9.088001666666666978e+00	4.655172413793103314e-01	5.218104435280301878e-01
1.024200388888888824e+01	4.741379310344827624e-01	5.570834039317680286e-01
1.024634805555555594e+01	4.827586206896551380e-01	5.572079306032073909e-01
1.039518583333333446e+01	4.913793103448275690e-01	5.614388957937400670e-01
1.100479249999999887e+01	5.000000000000000000e-01	5.780688290442097532e-01
1.299917944444444551e+01	5.086206896551723755e-01	6.253970280783088809e-01
1.781714138888888854e+01	5.172413793103448620e-01	7.053413309106602025e-01
1.854814638888889178e+01	5.258620689655172376e-01	7.142119310071515237e-01
2.194122111111110840e+01	5.344827586206896131e-01	7.469553701380908795e-01
2.402201194444444354e+01	5.431034482758620996e-01	7.612578996872261250e-01
2.402479749999999825e+01	5.517241379310344751e-01	7.612744941229983020e-01
2.402544361111111115e+01	5.603448275862068506e-01	7.612783423390075965e-01
2.402730111111111100e+01	5.689655172413793371e-01	7.612894032869570449e-01
2.403012916666666499e+01	5.775862068965517127e-01	7.613062384298258101e-01
2.403065805555555556e+01	5.862068965517240882e-01	7.613093860484366759e-01
2.403232055555555746e+01	5.948275862068965747e-01	7.613192790373948249e-01
2.403537888888888929e+01	6.034482758620689502e-01	7.613374715191454367e-01
2.407089944444444285e+01	6.120689655172413257e-01	7.615481951938606331e-01
2.407263944444444093e+01	6.206896551724138122e-01	7.615584903540358885e-01
2.407614555555555569e+01	6.293103448275861878e-01	7.615792280104169976e-01
2.407724555555555668e+01	6.379310344827585633e-01	7.615857318583910684e-01
2.409105499999999722e+01	6.465517241379310498e-01	7.616672977441862891e-01
2.409236611111111159e+01	6.551724137931034253e-01	7.616750337252942149e-01
2.409354388888888820e+01	6.637931034482758008e-01	7.616819815814492856e-01
2.409575027777777834e+01	6.724137931034482873e-01	7.616949944052529009e-01
2.411043611111111318e+01	6.810344827586206629e-01	7.617815046330584927e-01
2.411479805555555700e+01	6.896551724137931494e-01	7.618071651017096491e-01
2.411922750000000093e+01	6.982758620689655249e-01	7.618332062423882611e-01
2.412037277777777788e+01	7.068965517241379004e-01	7.618399368416853834e-01
2.412201611111111177e+01	7.155172413793103869e-01	7.618495926921377004e-01
2.412810277777777657e+01	7.241379310344827624e-01	7.618853360898538707e-01
2.413038555555555575e+01	7.327586206896551380e-01	7.618987335899386482e-01
2.413118611111111278e+01	7.413793103448276245e-01	7.619034311469076171e-01
2.414860694444444533e+01	7.500000000000000000e-01	7.620055186787952906e-01
2.416547416666666592e+01	7.586206896551723755e-01	7.621041216640692673e-01
2.416804527777777878e+01	7.672413793103448620e-01	7.621191312345299007e-01
2.421552416666666829e+01	7.758620689655172376e-01	7.623953170465151974e-01
2.421618555555555474e+01	7.844827586206896131e-01	7.623991511609575777e-01
2.421916638888888684e+01	7.931034482758620996e-01	7.624164269356528134e-01
2.422253916666666740e+01	8.017241379310344751e-01	7.624359651092617041e-01
2.422393277777777598e+01	8.103448275862068506e-01	7.624440356364905469e-01
2.422579305555555607e+01	8.189655172413793371e-01	7.624548058106940251e-01
2.422677972222222564e+01	8.275862068965517127e-01	7.624605172068290582e-01
2.422954222222222143e+01	8.362068965517240882e-01	7.624765033681475401e-01
2.423216749999999919e+01	8.448275862068965747e-01	7.624916898025569933e-01
2.423223277777777795e+01	8.534482758620689502e-01	7.624920673981341324e-01
2.423548999999999864e+01	8.620689655172413257e-01	7.625109014134755503e-01
2.424004194444444238e+01	8.706896551724138122e-01	7.625372068937310566e-01
2.424171999999999727e+01	8.793103448275861878e-01	7.625469000254488927e-01
2.439203000000000188e+01	8.879310344827585633e-01	7.634057445671079689e-01
2.458603166666666695e+01	8.965517241379310498e-01	7.644869369350715260e-01
2.458885388888888812e+01	9.051724137931034253e-01	7.645024403024144322e-01
2.458895333333333610e+01	9.137931034482758008e-01	7.645029862976884250e-01
2.459220333333333386e+01	9.224137931034482873e-01	7.645208313295792646e-01
2.459261500000000211e+01	9.310344827586206629e-01	7.645230910603471042e-01
2.459420277777777741e+01	9.396551724137930384e-01	7.645318052870220260e-01
2.459546027777777866e+01	9.482758620689655249e-01	7.645387056894532574e-01
2.472419805555555428e+01	9.568965517241379004e-01	7.652383868890971774e-01
2.472777777777777786e+01	9.655172413793102759e-01	7.652576523117261553e-01
2.472996805555555255e+01	9.741379310344827624e-01	7.652694348751352127e-01
2.473167805555555532e+01	9.827586206896551380e-01	7.652786311314108136e-01
2.473642472222222111e+01	9.913793103448276245e-01	7.653041461327819706e-01
2.474181749999999980e+01	1.000000000000000000e+00	7.653331119728018495e-01
