1.565499999999999878e-02	0.000000000000000000e+00	1.291863981237773018e-02
1.757361111111111276e-02	1.396648044692737475e-03	1.445085276884994219e-02
1.847083333333333563e-02	2.793296089385474950e-03	1.516365909367811682e-02
2.065222222222222112e-02	4.189944134078212208e-03	1.688686779827652806e-02
2.066194444444444459e-02	5.586592178770949900e-03	1.689451696635912992e-02
2.078249999999999889e-02	6.983240223463687592e-03	1.698934387856054773e-02
2.378250000000000156e-02	8.379888268156424416e-03	1.933558094434606467e-02
2.518777777777777768e-02	9.776536312849162108e-03	2.042574431400356882e-02
2.606250000000000233e-02	1.117318435754189980e-02	2.110148509595921595e-02
2.653583333333333141e-02	1.256983240223463749e-02	2.146624080653503075e-02
2.828638888888888869e-02	1.396648044692737518e-02	2.280974749199482510e-02
2.873194444444444537e-02	1.536312849162011288e-02	2.315032552383955444e-02
2.984999999999999806e-02	1.675977653631284883e-02	2.400251181951840174e-02
2.986833333333333354e-02	1.815642458100558826e-02	2.401645650254502495e-02
3.083388888888888638e-02	1.955307262569832422e-02	2.474955568578451892e-02
3.118361111111110986e-02	2.094972067039106364e-02	2.501444442779732213e-02
3.279750000000000026e-02	2.234636871508379960e-02	2.623246755328589863e-02
3.361611111111111050e-02	2.374301675977653556e-02	2.684754410735279428e-02
3.399361111111110639e-02	2.513966480446927498e-02	2.713056601804175738e-02
3.453055555555555739e-02	2.653631284916201094e-02	2.753245658075842428e-02
3.488694444444444265e-02	2.793296089385475037e-02	2.779877109868089669e-02
3.489055555555555660e-02	2.932960893854748632e-02	2.780146775975878004e-02
3.577611111111111269e-02	3.072625698324022575e-02	2.846170111602941422e-02
3.697305555555555762e-02	3.212290502793296171e-02	2.935071327361471472e-02
3.719305555555555559e-02	3.351955307262569767e-02	2.951369365104983267e-02
3.810305555555555668e-02	3.491620111731843362e-02	3.018645488067073224e-02
3.811805555555555086e-02	3.631284916201117652e-02	3.019752569636990902e-02
3.984750000000000097e-02	3.770949720670391248e-02	3.146990913743685780e-02
4.223472222222222211e-02	3.910614525139664843e-02	3.321314855217949447e-02
4.232999999999999957e-02	4.050279329608938439e-02	3.328241101193596396e-02
4.601805555555555510e-02	4.189944134078212729e-02	3.594515690047506151e-02
4.619055555555555415e-02	4.329608938547486324e-02	3.606883222886292373e-02
4.715083333333332932e-02	4.469273743016759920e-02	3.675590312416820993e-02
4.927833333333332677e-02	4.608938547486033516e-02	3.826964684365008473e-02
4.952916666666666579e-02	4.748603351955307111e-02	3.844735297401868923e-02
5.005194444444444751e-02	4.888268156424581401e-02	3.881720521955045466e-02
5.129666666666667096e-02	5.027932960893854997e-02	3.969501387040985652e-02
5.274611111111111167e-02	5.167597765363128592e-02	4.071224845951837423e-02
5.758833333333333859e-02	5.307262569832402188e-02	4.407237361731641823e-02
5.877083333333332771e-02	5.446927374301676478e-02	4.488410050956792574e-02
6.050666666666666693e-02	5.586592178770950073e-02	4.606944980755556251e-02
6.134027777777777135e-02	5.726256983240223669e-02	4.663608524218310070e-02
6.349111111111110928e-02	5.865921787709497265e-02	4.809030604833586242e-02
6.480388888888889698e-02	6.005586592178770861e-02	4.897242524269340702e-02
6.482361111111110963e-02	6.145251396648045150e-02	4.898564607186151054e-02
7.247361111111109977e-02	6.284916201117318746e-02	5.404442479887661133e-02
7.549861111111111356e-02	6.424581005586592342e-02	5.600716547785522526e-02
7.558277777777777651e-02	6.564245810055865937e-02	5.606147589146437404e-02
7.565111111111111342e-02	6.703910614525139533e-02	5.610555759088142747e-02
7.720888888888888246e-02	6.843575418994413129e-02	5.710759039968760220e-02
7.782250000000000278e-02	6.983240223463686724e-02	5.750077919658902470e-02
7.820249999999999424e-02	7.122905027932961708e-02	5.774384767129991936e-02
8.230694444444444646e-02	7.262569832402235304e-02	6.034858818404986724e-02
8.233250000000000290e-02	7.402234636871508899e-02	6.036468826452801029e-02
8.289055555555555066e-02	7.541899441340782495e-02	6.071590376509727882e-02
8.495638888888890072e-02	7.681564245810056091e-02	6.201005783048152420e-02
8.867694444444444712e-02	7.821229050279329686e-02	6.431724320131826378e-02
8.899361111111112055e-02	7.960893854748603282e-02	6.451222577429760463e-02
9.166138888888888947e-02	8.100558659217876878e-02	6.614630356377937392e-02
9.504499999999999060e-02	8.240223463687150474e-02	6.819701538858546908e-02
9.530694444444444413e-02	8.379888268156425457e-02	6.835476338108459338e-02
9.607611111111111213e-02	8.519553072625699053e-02	6.881713736940175963e-02
9.666833333333332834e-02	8.659217877094972649e-02	6.917229873738572898e-02
9.830555555555554881e-02	8.798882681564246244e-02	7.015034754675353312e-02
9.882361111111111207e-02	8.938547486033519840e-02	7.045866441156989346e-02
1.014224999999999988e-01	9.078212290502793436e-02	7.199700792140428796e-02
1.114494444444444482e-01	9.217877094972067031e-02	7.780380841819434234e-02
1.134300000000000030e-01	9.357541899441340627e-02	7.892715316832366046e-02
1.167030555555555460e-01	9.497206703910614223e-02	8.076685561206986552e-02
1.179988888888888893e-01	9.636871508379889206e-02	8.148950206515837014e-02
1.188397222222222216e-01	9.776536312849162802e-02	8.195668945107903447e-02
1.212163888888888874e-01	9.916201117318436398e-02	8.326994924132746778e-02
1.216288888888888836e-01	1.005586592178770999e-01	8.349679281690980392e-02
1.224213888888888851e-01	1.019553072625698359e-01	8.393170801297200612e-02
1.276694444444444465e-01	1.033519553072625718e-01	8.678218688608596576e-02
1.335244444444444456e-01	1.047486033519553078e-01	8.990261252859532703e-02
1.373052777777777622e-01	1.061452513966480438e-01	9.188481660881431257e-02
1.377322222222222281e-01	1.075418994413407797e-01	9.210705868102819771e-02
1.391052777777777860e-01	1.089385474860335296e-01	9.281961245493008938e-02
1.399533333333333185e-01	1.103351955307262655e-01	9.325806104467371238e-02
1.449888888888888894e-01	1.117318435754190015e-01	9.583570575402455827e-02
1.467241666666666555e-01	1.131284916201117374e-01	9.671386375754309483e-02
1.473527777777777770e-01	1.145251396648044734e-01	9.703071380359562514e-02
1.475427777777777727e-01	1.159217877094972093e-01	9.712635081762333034e-02
1.497344444444444478e-01	1.173184357541899453e-01	9.822511785782739313e-02
1.623391666666666733e-01	1.187150837988826813e-01	1.043897549616495946e-01
1.650452777777777769e-01	1.201117318435754172e-01	1.056796929329150148e-01
1.656797222222222143e-01	1.215083798882681670e-01	1.059804374245250091e-01
1.793008333333333260e-01	1.229050279329609030e-01	1.122867319494389449e-01
1.816016666666666612e-01	1.243016759776536390e-01	1.133241928458360581e-01
1.818375000000000130e-01	1.256983240223463749e-01	1.134300876516908252e-01
1.892250000000000043e-01	1.270949720670390970e-01	1.167059950381087452e-01
1.930191666666666861e-01	1.284916201117318468e-01	1.183578594464457234e-01
2.137269444444444555e-01	1.298882681564245967e-01	1.270220922650406870e-01
2.182061111111111285e-01	1.312849162011173187e-01	1.288209693376975995e-01
2.284822222222221977e-01	1.326815642458100686e-01	1.328513893793379363e-01
2.372308333333333075e-01	1.340782122905027907e-01	1.361798486073879655e-01
2.444905555555555721e-01	1.354748603351955405e-01	1.388724061679579291e-01
2.488405555555555648e-01	1.368715083798882626e-01	1.404563717970950254e-01
2.509388888888888780e-01	1.382681564245810124e-01	1.412126955571385567e-01
2.539969444444444280e-01	1.396648044692737345e-01	1.423060268355453850e-01
2.636027777777777970e-01	1.410614525139664843e-01	1.456728433984665338e-01
2.733761111111110975e-01	1.424581005586592342e-01	1.489961786621462059e-01
2.768186111111111125e-01	1.438547486033519562e-01	1.501429168809502723e-01
2.780986111111111159e-01	1.452513966480447061e-01	1.505661880435376077e-01
2.787161111111111089e-01	1.466480446927374282e-01	1.507697840485840990e-01
2.829336111111110941e-01	1.480446927374301780e-01	1.521499864055307905e-01
2.854866666666666664e-01	1.494413407821229001e-01	1.529767958901960823e-01
2.878288888888888564e-01	1.508379888268156499e-01	1.537296253142368396e-01
2.975927777777778171e-01	1.522346368715083720e-01	1.568101815616350647e-01
3.053472222222222143e-01	1.536312849162011218e-01	1.591920182371752146e-01
3.081405555555555842e-01	1.550279329608938717e-01	1.600363205762639351e-01
3.191111111111111232e-01	1.564245810055865937e-01	1.632839012364860620e-01
3.301502777777777786e-01	1.578212290502793436e-01	1.664451099158692493e-01
3.342566666666667019e-01	1.592178770949720656e-01	1.675945776302836254e-01
3.460447222222222119e-01	1.606145251396648155e-01	1.708171911892543138e-01
3.488972222222221919e-01	1.620111731843575376e-01	1.715802027150814535e-01
3.530699999999999950e-01	1.634078212290502874e-01	1.726848437893736543e-01
3.532491666666666141e-01	1.648044692737430095e-01	1.727319697713456392e-01
3.579555555555555824e-01	1.662011173184357593e-01	1.739610171902719049e-01
3.751569444444444734e-01	1.675977653631285091e-01	1.783115051222040615e-01
3.967227777777777575e-01	1.689944134078212312e-01	1.834675848428507505e-01
3.971255555555555650e-01	1.703910614525139811e-01	1.835608710726240878e-01
3.981097222222221843e-01	1.717877094972067031e-01	1.837883590301280234e-01
4.115588888888889185e-01	1.731843575418994530e-01	1.868339195680628340e-01
4.298988888888888860e-01	1.745810055865921750e-01	1.908043805310618568e-01
4.383313888888888954e-01	1.759776536312849249e-01	1.925624911498324821e-01
4.404000000000000137e-01	1.773743016759776470e-01	1.929875056471811456e-01
4.479491666666666760e-01	1.787709497206703968e-01	1.945180120020395531e-01
4.588327777777777561e-01	1.801675977653631466e-01	1.966691251627261661e-01
4.623747222222222009e-01	1.815642458100558687e-01	1.973554219083726302e-01
4.882372222222222113e-01	1.829608938547486185e-01	2.021711047548541140e-01
4.948933333333333517e-01	1.843575418994413406e-01	2.033571071072992620e-01
4.950416666666667131e-01	1.857541899441340905e-01	2.033832977709950640e-01
4.955427777777777765e-01	1.871508379888268125e-01	2.034717004359577475e-01
5.000249999999999417e-01	1.885474860335195624e-01	2.042571935924938353e-01
5.003177777777777502e-01	1.899441340782122845e-01	2.043081764313059434e-01
5.068905555555556219e-01	1.913407821229050343e-01	2.054423581650651753e-01
5.122688888888888847e-01	1.927374301675977841e-01	2.063558650822597818e-01
5.155141666666667177e-01	1.941340782122905062e-01	2.069008411880599585e-01
5.281130555555555439e-01	1.955307262569832560e-01	2.089731607280663761e-01
5.350472222222222296e-01	1.969273743016759781e-01	2.100850252393595685e-01
5.352188888888889107e-01	1.983240223463687280e-01	2.101122985390044828e-01
5.389874999999999527e-01	1.997206703910614500e-01	2.107079923716057568e-01
5.470724999999999616e-01	2.011173184357541999e-01	2.119666164175950662e-01
5.886333333333333417e-01	2.025139664804469219e-01	2.180440059423414123e-01
5.946375000000000410e-01	2.039106145251396718e-01	2.188709388339487028e-01
5.965941666666666476e-01	2.053072625698324216e-01	2.191377906658918961e-01
5.970869444444444341e-01	2.067039106145251437e-01	2.192047939904817611e-01
6.114247222222222167e-01	2.081005586592178935e-01	2.211193603858492285e-01
6.149963888888888563e-01	2.094972067039106156e-01	2.215859939693495262e-01
6.178138888888888847e-01	2.108938547486033654e-01	2.219512635828159164e-01
6.196080555555555369e-01	2.122905027932960875e-01	2.221825745907410887e-01
6.565227777777777884e-01	2.136871508379888374e-01	2.267288037499131104e-01
6.644302777777777447e-01	2.150837988826815594e-01	2.276524663253997049e-01
6.644550000000000178e-01	2.164804469273743093e-01	2.276553276702821815e-01
6.765808333333332980e-01	2.178770949720670591e-01	2.290393508218676599e-01
6.780888888888888522e-01	2.192737430167597812e-01	2.292088082100511848e-01
6.872916666666666341e-01	2.206703910614525310e-01	2.302304242822621472e-01
6.949244444444444557e-01	2.220670391061452531e-01	2.310618002842210750e-01
7.117058333333333708e-01	2.234636871508380029e-01	2.328406254357882066e-01
7.126677777777776779e-01	2.248603351955307250e-01	2.329406043731224729e-01
7.280613888888889385e-01	2.262569832402234749e-01	2.345122519502100822e-01
7.364977777777776957e-01	2.276536312849161969e-01	2.353516045242058929e-01
7.546680555555554948e-01	2.290502793296089468e-01	2.371088868945916417e-01
7.624849999999999683e-01	2.304469273743016966e-01	2.378444272015550753e-01
7.699427777777777537e-01	2.318435754189944187e-01	2.385351098126969882e-01
7.806797222222222610e-01	2.332402234636871685e-01	2.395110366520543099e-01
7.879502777777778189e-01	2.346368715083798906e-01	2.401598588994761085e-01
8.159827777777778346e-01	2.360335195530726404e-01	2.425748970831325124e-01
8.230052777777777662e-01	2.374301675977653625e-01	2.431593122633801674e-01
8.256205555555555797e-01	2.388268156424581123e-01	2.433749328407804891e-01
8.376352777777777980e-01	2.402234636871508344e-01	2.443517125993097672e-01
8.546488888888889024e-01	2.416201117318435843e-01	2.456974201793080681e-01
8.552508333333332935e-01	2.430167597765363341e-01	2.457442519644552625e-01
8.596036111111110545e-01	2.444134078212290562e-01	2.460813528079445200e-01
8.972736111111111468e-01	2.458100558659218060e-01	2.488899841475137320e-01
9.009174999999999267e-01	2.472067039106145281e-01	2.491518162591080943e-01
9.166002777777777499e-01	2.486033519553072779e-01	2.502600331408222356e-01
9.191424999999999734e-01	2.500000000000000000e-01	2.504368890784925972e-01
9.303686111111111323e-01	2.513966480446927498e-01	2.512088406802474028e-01
9.502019444444443907e-01	2.527932960893854997e-01	2.525379493829057465e-01
9.690138888888888413e-01	2.541899441340781940e-01	2.537597313050058423e-01
9.699066666666666947e-01	2.555865921787709438e-01	2.538168121839569080e-01
9.929133333333333145e-01	2.569832402234636937e-01	2.552607949613495686e-01
1.003219166666666551e+00	2.583798882681564435e-01	2.558913716371471470e-01
1.021501666666666752e+00	2.597765363128491933e-01	2.569865609264856410e-01
1.044755277777777769e+00	2.611731843575418877e-01	2.583384678778711807e-01
1.052280000000000104e+00	2.625698324022346375e-01	2.587665785401892515e-01
1.065393055555555524e+00	2.639664804469273873e-01	2.595021835534551125e-01
1.083529722222222214e+00	2.653631284916201372e-01	2.604985758219114933e-01
1.083725277777777718e+00	2.667597765363128315e-01	2.605091905390557461e-01
1.108118333333333316e+00	2.681564245810055813e-01	2.618126323334183381e-01
1.122384444444444407e+00	2.695530726256983312e-01	2.625567317035063519e-01
1.152913055555555566e+00	2.709497206703910810e-01	2.641069997039776629e-01
1.165607777777777798e+00	2.723463687150838308e-01	2.647357377263259703e-01
1.175630277777777843e+00	2.737430167597765251e-01	2.652258768934169231e-01
1.184833333333333183e+00	2.751396648044692750e-01	2.656712406891371669e-01
1.188655555555555576e+00	2.765363128491620248e-01	2.658549175273293708e-01
1.201149444444444381e+00	2.779329608938547747e-01	2.664501561635076454e-01
1.210001388888888973e+00	2.793296089385474690e-01	2.668672262590982003e-01
1.291305833333333375e+00	2.807262569832402188e-01	2.705348632142406951e-01
1.336337222222222287e+00	2.821229050279329686e-01	2.724556222360303703e-01
1.344794999999999963e+00	2.835195530726257185e-01	2.728087152820889427e-01
1.398626666666666463e+00	2.849162011173184683e-01	2.750050162639100515e-01
1.417713611111111272e+00	2.863128491620111626e-01	2.757642015386536638e-01
1.435089999999999977e+00	2.877094972067039125e-01	2.764472144479680482e-01
1.438191388888888866e+00	2.891061452513966623e-01	2.765683364166271474e-01
1.443251666666666599e+00	2.905027932960894121e-01	2.767654637388047290e-01
1.469874722222222152e+00	2.918994413407821065e-01	2.777927681755461009e-01
1.489383333333333281e+00	2.932960893854748563e-01	2.785355800446589480e-01
1.510195277777777845e+00	2.946927374301676061e-01	2.793193103054805171e-01
1.580300555555555597e+00	2.960893854748603560e-01	2.818997840825654411e-01
1.589833055555555541e+00	2.974860335195531058e-01	2.822442231266791834e-01
1.601669444444444590e+00	2.988826815642458001e-01	2.826699448244572865e-01
1.603718888888888916e+00	3.002793296089385500e-01	2.827434414503687821e-01
1.621105277777777909e+00	3.016759776536312998e-01	2.833644553666354593e-01
1.640866666666666696e+00	3.030726256983240496e-01	2.840650814082860132e-01
1.641809166666666542e+00	3.044692737430167440e-01	2.840983632214846288e-01
1.702736388888888897e+00	3.058659217877094938e-01	2.862258534206738592e-01
1.742403611111111195e+00	3.072625698324022436e-01	2.875878244765482927e-01
1.760650000000000048e+00	3.086592178770949935e-01	2.882088153901519734e-01
1.778243888888888957e+00	3.100558659217877433e-01	2.888045345793405216e-01
1.785006944444444299e+00	3.114525139664804376e-01	2.890327570214129560e-01
1.795910833333333567e+00	3.128491620111731875e-01	2.893998400564398166e-01
1.815776944444444263e+00	3.142458100558659373e-01	2.900659562796651381e-01
1.823178888888888904e+00	3.156424581005586871e-01	2.903132886940565927e-01
1.842997777777777957e+00	3.170391061452513815e-01	2.909733286790640028e-01
1.958209722222222338e+00	3.184357541899441313e-01	2.947539604960980331e-01
1.960328611111111119e+00	3.198324022346368811e-01	2.948226878928160710e-01
2.109960277777777726e+00	3.212290502793296310e-01	2.996166474776411626e-01
2.143041388888888843e+00	3.226256983240223808e-01	3.006627240044033034e-01
2.190738611111111123e+00	3.240223463687150751e-01	3.021635441643317765e-01
2.234025277777777596e+00	3.254189944134078250e-01	3.035185763208502197e-01
2.355573611111111187e+00	3.268156424581005748e-01	3.072921729217132913e-01
2.365075277777778151e+00	3.282122905027933246e-01	3.075854023270179205e-01
2.367709722222222091e+00	3.296089385474860189e-01	3.076666615004750582e-01
2.427621944444444679e+00	3.310055865921787688e-01	3.095098998475029894e-01
2.430782499999999846e+00	3.324022346368715186e-01	3.096068917600011128e-01
2.432985555555555290e+00	3.337988826815642684e-01	3.096744856194224571e-01
2.536341666666666494e+00	3.351955307262570183e-01	3.128332687523645017e-01
2.609483333333333377e+00	3.365921787709497126e-01	3.150550148751124491e-01
2.641268333333333551e+00	3.379888268156424624e-01	3.160172584622999992e-01
2.649954722222222170e+00	3.393854748603352123e-01	3.162798956142800488e-01
2.651339722222222139e+00	3.407821229050279621e-01	3.163217588200425423e-01
2.687321388888888940e+00	3.421787709497206564e-01	3.174081159815926867e-01
2.699910000000000032e+00	3.435754189944134063e-01	3.177876397036765166e-01
2.739896666666666647e+00	3.449720670391061561e-01	3.189913160170378958e-01
2.744834166666666686e+00	3.463687150837989059e-01	3.191397522234734607e-01
2.753775555555555865e+00	3.477653631284916558e-01	3.194084514381263507e-01
2.789631944444444400e+00	3.491620111731843501e-01	3.204846220803294621e-01
2.797000277777777377e+00	3.505586592178770999e-01	3.207055049463370944e-01
2.831627500000000186e+00	3.519553072625698498e-01	3.217423446311188373e-01
2.861539722222222082e+00	3.533519553072625996e-01	3.226364454284614824e-01
2.867723333333333180e+00	3.547486033519552939e-01	3.228211010334061104e-01
2.875617222222222047e+00	3.561452513966480438e-01	3.230567414505004509e-01
2.921714166666666834e+00	3.575418994413407936e-01	3.244308388833224699e-01
2.979945277777777957e+00	3.589385474860335434e-01	3.261619909773427750e-01
2.984963333333333413e+00	3.603351955307262933e-01	3.263109339052392421e-01
2.988395555555555472e+00	3.617318435754189876e-01	3.264127854695583197e-01
3.015693333333333115e+00	3.631284916201117374e-01	3.272222281882332107e-01
3.036401666666666888e+00	3.645251396648044873e-01	3.278355467818206970e-01
3.051936388888888629e+00	3.659217877094972371e-01	3.282952275587458502e-01
3.057860000000000245e+00	3.673184357541899314e-01	3.284704180920138272e-01
3.071559166666666396e+00	3.687150837988826813e-01	3.288753759584236436e-01
3.078121944444444313e+00	3.701117318435754311e-01	3.290692808451024520e-01
3.115491666666666770e+00	3.715083798882681809e-01	3.301722369218392794e-01
3.310624166666666479e+00	3.729050279329609308e-01	3.358997727955931323e-01
3.336575555555555628e+00	3.743016759776536251e-01	3.366575711627837197e-01
3.441215833333333585e+00	3.756983240223463749e-01	3.397039902422464008e-01
3.501595277777777682e+00	3.770949720670391248e-01	3.414552310397483970e-01
3.551094166666666663e+00	3.784916201117318746e-01	3.428873267851413331e-01
3.556251944444444479e+00	3.798882681564245689e-01	3.430363670452648561e-01
3.625130555555555301e+00	3.812849162011173187e-01	3.450233872735767315e-01
3.634924166666666956e+00	3.826815642458100686e-01	3.453054160958430874e-01
3.778121111111111485e+00	3.840782122905028184e-01	3.494150164035636497e-01
3.804773611111111009e+00	3.854748603351955683e-01	3.501770224955819133e-01
3.861030555555555299e+00	3.868715083798882626e-01	3.517824706561226700e-01
3.981980277777778188e+00	3.882681564245810124e-01	3.552205676297784942e-01
4.047607777777778360e+00	3.896648044692737622e-01	3.570783923364866386e-01
4.059638888888889241e+00	3.910614525139665121e-01	3.574183922058061791e-01
4.104794166666666300e+00	3.924581005586592064e-01	3.586928716775028558e-01
4.375784166666666586e+00	3.938547486033519562e-01	3.662882707457769671e-01
4.376401944444444858e+00	3.952513966480447061e-01	3.663054825746483445e-01
4.421409166666666835e+00	3.966480446927374559e-01	3.675581639164008374e-01
4.605000000000000426e+00	3.980446927374302057e-01	3.726423890773146175e-01
4.617990555555555154e+00	3.994413407821229001e-01	3.730005856009033227e-01
4.664487777777777566e+00	4.008379888268156499e-01	3.742810051015983408e-01
4.665206944444443948e+00	4.022346368715083997e-01	3.743007886226743519e-01
4.805988055555555860e+00	4.036312849162011496e-01	3.781614995340822905e-01
4.922063055555555344e+00	4.050279329608938439e-01	3.813267483941501501e-01
5.013968055555555914e+00	4.064245810055865937e-01	3.838214685488404720e-01
5.287422222222222246e+00	4.078212290502793436e-01	3.911849084652055941e-01
5.799809722222222241e+00	4.092178770949720934e-01	4.047461145732690335e-01
5.901548888888888733e+00	4.106145251396648432e-01	4.074026526248673008e-01
6.195428333333333981e+00	4.120111731843575376e-01	4.150098177320035164e-01
6.610309166666667124e+00	4.134078212290502874e-01	4.255831935786748010e-01
6.634814444444444348e+00	4.148044692737430372e-01	4.262017071764253595e-01
7.134334444444443868e+00	4.162011173184357871e-01	4.386654511785241795e-01
7.436001111111110617e+00	4.175977653631284814e-01	4.460609721143766748e-01
7.571264166666666462e+00	4.189944134078212312e-01	4.493453028453152642e-01
7.790651666666667197e+00	4.203910614525139811e-01	4.546309101020300503e-01
7.799578888888889061e+00	4.217877094972067309e-01	4.548449122026774205e-01
7.922010833333334112e+00	4.231843575418994807e-01	4.577713744101351567e-01
7.987561666666667115e+00	4.245810055865921750e-01	4.593317581338046685e-01
8.063095000000000567e+00	4.259776536312849249e-01	4.611241997315487229e-01
8.406832222222222484e+00	4.273743016759776747e-01	4.692064860749426414e-01
8.827116666666666944e+00	4.287709497206704246e-01	4.789240898863718066e-01
8.833543611111110749e+00	4.301675977653631189e-01	4.790713009939608913e-01
9.088001666666666978e+00	4.315642458100558687e-01	4.848664409075503778e-01
9.807664722222222409e+00	4.329608938547486185e-01	5.009097219899989462e-01
1.024200388888888824e+01	4.343575418994413684e-01	5.103495615668345309e-01
1.024634805555555594e+01	4.357541899441341182e-01	5.104430693041277500e-01
1.039518583333333446e+01	4.371508379888268125e-01	5.136360231954180122e-01
1.045595277777777810e+01	4.385474860335195624e-01	5.149336362372750608e-01
1.046238416666666637e+01	4.399441340782123122e-01	5.150707689058591221e-01
1.080266305555555562e+01	4.413407821229050620e-01	5.222713126207763068e-01
1.086788499999999935e+01	4.427374301675977564e-01	5.236391956281616356e-01
1.100479249999999887e+01	4.441340782122905062e-01	5.264977950496572134e-01
1.106793638888889042e+01	4.455307262569832560e-01	5.278104393331155553e-01
1.131447861111111131e+01	4.469273743016760059e-01	5.329008468989088199e-01
1.175567555555555543e+01	4.483240223463687557e-01	5.418737468856935635e-01
1.193428055555555645e+01	4.497206703910614500e-01	5.454569483179521061e-01
1.198939944444444450e+01	4.511173184357541999e-01	5.465570827982788593e-01
1.213408527777777834e+01	4.525139664804469497e-01	5.494322591894882368e-01
1.299917944444444551e+01	4.539106145251396995e-01	5.662468886129837786e-01
1.363514361111111128e+01	4.553072625698323939e-01	5.782064283111424396e-01
1.363978750000000062e+01	4.567039106145251437e-01	5.782925343948361885e-01
1.365144305555555526e+01	4.581005586592178935e-01	5.785085720200096038e-01
1.390651055555555615e+01	4.594972067039106434e-01	5.832086763923546302e-01
1.395703888888888855e+01	4.608938547486033932e-01	5.841335188290839309e-01
1.396572805555555519e+01	4.622905027932960875e-01	5.842923535661390666e-01
1.402051055555555692e+01	4.636871508379888374e-01	5.852923613241778344e-01
1.413671861111111028e+01	4.650837988826815872e-01	5.874056836338164000e-01
1.418118305555555558e+01	4.664804469273743370e-01	5.882114480558524594e-01
1.472361694444444424e+01	4.678770949720670314e-01	5.979154157988622043e-01
1.525172722222222177e+01	4.692737430167597812e-01	6.071433929252061379e-01
1.552327416666666515e+01	4.706703910614525310e-01	6.118055359426047835e-01
1.560153222222222347e+01	4.720670391061452809e-01	6.131388359948795053e-01
1.560237194444444420e+01	4.734636871508380307e-01	6.131531176702494923e-01
1.564709277777777707e+01	4.748603351955307250e-01	6.139129513116298176e-01
1.576303249999999956e+01	4.762569832402234749e-01	6.158758935349519792e-01
1.647140222222222405e+01	4.776536312849162247e-01	6.276542025126368163e-01
1.685199888888888964e+01	4.790502793296089745e-01	6.338326516452121862e-01
1.703484555555555602e+01	4.804469273743016688e-01	6.367643457445112398e-01
1.714073861111111086e+01	4.818435754189944187e-01	6.384514495816295820e-01
1.723063138888888801e+01	4.832402234636871685e-01	6.398774837342346977e-01
1.755660027777777898e+01	4.846368715083799183e-01	6.450015487159437289e-01
1.781714138888888854e+01	4.860335195530726682e-01	6.490446460190606448e-01
1.809844000000000008e+01	4.874301675977653625e-01	6.533581793979135188e-01
1.851337361111111335e+01	4.888268156424581123e-01	6.596243290693484251e-01
1.854814638888889178e+01	4.902234636871508622e-01	6.601442800091157359e-01
1.856993222222222073e+01	4.916201117318436120e-01	6.604696347868843631e-01
1.905916222222221990e+01	4.930167597765363063e-01	6.676944369766684151e-01
1.921463888888888860e+01	4.944134078212290562e-01	6.699581209228979706e-01
2.044742361111111251e+01	4.958100558659218060e-01	6.873696488810663308e-01
2.059839944444444271e+01	4.972067039106145558e-01	6.894378580139354229e-01
2.132407972222222270e+01	4.986033519553073057e-01	6.991895692824637853e-01
2.145175472222222268e+01	5.000000000000000000e-01	7.008733163542548716e-01
2.157897694444444170e+01	5.013966480446927498e-01	7.025417177603612284e-01
2.174423611111111043e+01	5.027932960893854997e-01	7.046950512854432969e-01
2.194122111111110840e+01	5.041899441340782495e-01	7.072414188069415797e-01
2.210784722222222243e+01	5.055865921787709993e-01	7.093781964751659785e-01
2.246379666666666708e+01	5.069832402234637492e-01	7.138907172562157788e-01
2.306087277777777800e+01	5.083798882681563880e-01	7.213033149989085402e-01
2.377938722222221912e+01	5.097765363128491378e-01	7.299693882253753818e-01
2.401101361111111387e+01	5.111731843575418877e-01	7.327052115742033189e-01
2.401686111111111188e+01	5.125698324022346375e-01	7.327739186225827872e-01
2.401728472222222521e+01	5.139664804469273873e-01	7.327788952890437191e-01
2.401731111111111261e+01	5.153631284916201372e-01	7.327792053078221457e-01
2.401814999999999856e+01	5.167597765363128870e-01	7.327890604541691388e-01
2.401855194444444308e+01	5.181564245810056368e-01	7.327937823110575177e-01
2.401877888888889245e+01	5.195530726256983867e-01	7.327964483122654249e-01
2.401885250000000127e+01	5.209497206703910255e-01	7.327973130437861471e-01
2.402060805555555589e+01	5.223463687150837753e-01	7.328179352455685969e-01
2.402201194444444354e+01	5.237430167597765251e-01	7.328344253356905424e-01
2.402222611111110950e+01	5.251396648044692750e-01	7.328369408495969406e-01
2.402295111111110870e+01	5.265363128491620248e-01	7.328454562267107120e-01
2.402439277777777704e+01	5.279329608938547747e-01	7.328623882965897840e-01
2.402448527777777798e+01	5.293296089385475245e-01	7.328634746528757127e-01
2.402479749999999825e+01	5.307262569832402743e-01	7.328671414805092432e-01
2.402544361111111115e+01	5.321229050279330242e-01	7.328747294354956976e-01
2.402634166666666715e+01	5.335195530726256630e-01	7.328852758782220533e-01
2.402730111111111100e+01	5.349162011173184128e-01	7.328965427900135943e-01
2.402822861111111408e+01	5.363128491620111626e-01	7.329074341212424848e-01
2.402983555555555384e+01	5.377094972067039125e-01	7.329263028966401805e-01
2.403012916666666499e+01	5.391061452513966623e-01	7.329297503404391678e-01
2.403042777777777772e+01	5.405027932960894121e-01	7.329332564462469612e-01
2.403058083333333173e+01	5.418994413407821620e-01	7.329350535114744769e-01
2.403065805555555556e+01	5.432960893854749118e-01	7.329359601931521029e-01
2.403110833333333574e+01	5.446927374301676616e-01	7.329412469340058633e-01
2.403129694444444198e+01	5.460893854748603005e-01	7.329434613983032420e-01
2.403223166666666799e+01	5.474860335195530503e-01	7.329544356079633616e-01
2.403231277777777919e+01	5.488826815642458001e-01	7.329553878806722711e-01
2.403232055555555746e+01	5.502793296089385500e-01	7.329554791943151404e-01
2.403342833333333317e+01	5.516759776536312998e-01	7.329684845471154953e-01
2.403402388888888908e+01	5.530726256983240496e-01	7.329754761299619448e-01
2.403414555555555410e+01	5.544692737430167995e-01	7.329769044252075760e-01
2.403423833333333448e+01	5.558659217877095493e-01	7.329779935767219978e-01
2.403431055555555318e+01	5.572625698324022991e-01	7.329788414161431120e-01
2.403537888888888929e+01	5.586592178770949380e-01	7.329913826033023216e-01
2.403573861111111043e+01	5.600558659217876878e-01	7.329956052573725067e-01
2.403672555555555590e+01	5.614525139664804376e-01	7.330071903120383148e-01
2.403768250000000251e+01	5.628491620111731875e-01	7.330184227375841077e-01
2.403810027777777591e+01	5.642458100558659373e-01	7.330233263827274914e-01
2.403832666666666640e+01	5.656424581005586871e-01	7.330259835730215112e-01
2.403995722222222398e+01	5.670391061452514370e-01	7.330451210826591790e-01
2.404012611111111042e+01	5.684357541899441868e-01	7.330471032199020742e-01
2.404085305555555507e+01	5.698324022346369366e-01	7.330556347182866084e-01
2.404088305555555749e+01	5.712290502793295754e-01	7.330559867956631948e-01
2.404171611111111062e+01	5.726256983240223253e-01	7.330657632773351917e-01
2.404343833333333080e+01	5.740223463687150751e-01	7.330859736080367339e-01
2.404378833333333532e+01	5.754189944134078250e-01	7.330900806817037818e-01
2.404510888888889042e+01	5.768156424581005748e-01	7.331055761668056059e-01
2.404532805555555441e+01	5.782122905027933246e-01	7.331081477957391845e-01
2.404559500000000227e+01	5.796089385474860745e-01	7.331112799997917540e-01
2.404623861111111083e+01	5.810055865921788243e-01	7.331188316871282140e-01
2.404662194444444623e+01	5.824022346368715741e-01	7.331233293536250084e-01
2.404797388888889031e+01	5.837988826815642129e-01	7.331391911709175258e-01
2.404839055555555660e+01	5.851955307262569628e-01	7.331440795623190843e-01
2.404877194444444299e+01	5.865921787709497126e-01	7.331485539914203153e-01
2.404878583333333353e+01	5.879888268156424624e-01	7.331487169335260123e-01
2.404959333333333049e+01	5.893854748603352123e-01	7.331581902165047460e-01
2.405199416666666679e+01	5.907821229050279621e-01	7.331863538940310843e-01
2.405310166666666660e+01	5.921787709497207119e-01	7.331993447447646695e-01
2.405511277777777934e+01	5.935754189944134618e-01	7.332229332353261686e-01
2.405612888888888889e+01	5.949720670391062116e-01	7.332348504945468415e-01
2.405776333333333383e+01	5.963687150837988504e-01	7.332540186377441982e-01
2.405782194444444499e+01	5.977653631284916003e-01	7.332547059809961798e-01
2.406077694444444504e+01	5.991620111731843501e-01	7.332893575125334351e-01
2.406300194444444429e+01	6.005586592178770999e-01	7.333154457964841111e-01
2.406476833333333332e+01	6.019553072625698498e-01	7.333361550153151276e-01
2.406478638888888710e+01	6.033519553072625996e-01	7.333363666911167922e-01
2.406531722222222314e+01	6.047486033519553494e-01	7.333425898846004376e-01
2.406569722222221941e+01	6.061452513966480993e-01	7.333470447031426032e-01
2.406664305555555217e+01	6.075418994413408491e-01	7.333581325796497685e-01
2.406680444444444333e+01	6.089385474860334879e-01	7.333600244737641383e-01
2.406685888888888769e+01	6.103351955307262378e-01	7.333606627000759381e-01
2.406703222222222394e+01	6.117318435754189876e-01	7.333626945940785458e-01
2.406830055555555603e+01	6.131284916201117374e-01	7.333775621165257164e-01
2.406885611111110990e+01	6.145251396648044873e-01	7.333840741298324195e-01
2.406994750000000138e+01	6.159217877094972371e-01	7.333968665168424383e-01
2.407089944444444285e+01	6.173184357541899869e-01	7.334080239465217144e-01
2.407263944444444093e+01	6.187150837988827368e-01	7.334284167110247665e-01
2.407295027777777818e+01	6.201117318435754866e-01	7.334320595071236459e-01
2.407469194444444582e+01	6.215083798882681254e-01	7.334524699638340639e-01
2.407614555555555569e+01	6.229050279329608752e-01	7.334695035233549376e-01
2.407724555555555668e+01	6.243016759776536251e-01	7.334823927091844720e-01
2.407917583333333056e+01	6.256983240223463749e-01	7.335050091198818123e-01
2.407942277777777917e+01	6.270949720670391248e-01	7.335079023457938829e-01
2.408067083333333258e+01	6.284916201117318746e-01	7.335225242095012588e-01
2.408116527777777804e+01	6.298882681564246244e-01	7.335283167580193275e-01
2.408173999999999992e+01	6.312849162011173743e-01	7.335350496238712825e-01
2.408182944444444473e+01	6.326815642458101241e-01	7.335360974494646857e-01
2.408595777777777869e+01	6.340782122905027629e-01	7.335844556489232726e-01
2.408771666666666533e+01	6.354748603351955127e-01	7.336050561397385872e-01
2.408834027777777465e+01	6.368715083798882626e-01	7.336123596267611902e-01
2.408876444444444331e+01	6.382681564245810124e-01	7.336173271848107635e-01
2.408931194444444301e+01	6.396648044692737622e-01	7.336237390039264117e-01
2.409072277777777771e+01	6.410614525139665121e-01	7.336402606819769634e-01
2.409078722222222169e+01	6.424581005586592619e-01	7.336410153393909672e-01
2.409105499999999722e+01	6.438547486033520117e-01	7.336441510481598316e-01
2.409125194444444418e+01	6.452513966480447616e-01	7.336464572668381923e-01
2.409236611111111159e+01	6.466480446927374004e-01	7.336595037781561413e-01
2.409354388888888820e+01	6.480446927374301502e-01	7.336732944590582672e-01
2.409575027777777834e+01	6.494413407821229001e-01	7.336991272963313548e-01
2.409620166666666563e+01	6.508379888268156499e-01	7.337044119379170226e-01
2.410034861111111226e+01	6.522346368715083997e-01	7.337529574394976439e-01
2.410197722222222438e+01	6.536312849162011496e-01	7.337720200788335756e-01
2.410361694444444325e+01	6.550279329608938994e-01	7.337912113931566171e-01
2.410445277777777662e+01	6.564245810055866492e-01	7.338009934569278414e-01
2.410459305555555787e+01	6.578212290502793991e-01	7.338026351439368433e-01
2.410609861111111130e+01	6.592178770949720379e-01	7.338202541967688841e-01
2.410950166666666661e+01	6.606145251396647877e-01	7.338600748106340887e-01
2.411043611111111318e+01	6.620111731843575376e-01	7.338710081036887711e-01
2.411100222222222200e+01	6.634078212290502874e-01	7.338776315627495439e-01
2.411101277777777696e+01	6.648044692737430372e-01	7.338777550604205224e-01
2.411479805555555700e+01	6.662011173184357871e-01	7.339220382801956433e-01
2.411574083333333363e+01	6.675977653631285369e-01	7.339330665056218450e-01
2.411611027777777849e+01	6.689944134078212867e-01	7.339373879896329278e-01
2.411913388888888932e+01	6.703910614525140366e-01	7.339727532867370563e-01
2.411922750000000093e+01	6.717877094972066754e-01	7.339738481226105726e-01
2.411990416666666803e+01	6.731843575418994252e-01	7.339817619951025662e-01
2.412037277777777788e+01	6.745810055865921750e-01	7.339872424412388074e-01
2.412046944444444563e+01	6.759776536312849249e-01	7.339883729519424138e-01
2.412129305555555447e+01	6.773743016759776747e-01	7.339980048382306332e-01
2.412185361111110993e+01	6.787709497206704246e-01	7.340045601687972265e-01
2.412201611111111177e+01	6.801675977653631744e-01	7.340064604698030015e-01
2.412238444444444596e+01	6.815642458100559242e-01	7.340107677684886145e-01
2.412444499999999792e+01	6.829608938547486741e-01	7.340348626672492660e-01
2.412472916666666478e+01	6.843575418994413129e-01	7.340381853702694359e-01
2.412609166666666383e+01	6.857541899441340627e-01	7.340541162289148103e-01
2.412700666666666649e+01	6.871508379888268125e-01	7.340648142149032163e-01
2.412808444444444689e+01	6.885474860335195624e-01	7.340774148121720355e-01
2.412810277777777657e+01	6.899441340782123122e-01	7.340776291470642034e-01
2.413004972222222477e+01	6.913407821229050620e-01	7.341003898798256211e-01
2.413038555555555575e+01	6.927374301675978119e-01	7.341043157387352469e-01
2.413118611111111278e+01	6.941340782122905617e-01	7.341136739213234286e-01
2.413314305555555705e+01	6.955307262569833116e-01	7.341365484529700502e-01
2.413471694444444537e+01	6.969273743016759504e-01	7.341549440579775432e-01
2.414051027777777847e+01	6.983240223463687002e-01	7.342226455426295040e-01
2.414630388888889101e+01	6.997206703910614500e-01	7.342903330309689114e-01
2.414668972222222010e+01	7.011173184357541999e-01	7.342948401581141926e-01
2.414860694444444533e+01	7.025139664804469497e-01	7.343172351305642387e-01
2.416547416666666592e+01	7.039106145251396995e-01	7.345141789365305929e-01
2.416804527777777878e+01	7.053072625698324494e-01	7.345441867273937442e-01
2.416863305555555641e+01	7.067039106145251992e-01	7.345510462862185896e-01
2.417356305555555807e+01	7.081005586592179490e-01	7.346085740200085645e-01
2.417620805555555563e+01	7.094972067039105879e-01	7.346394331520489374e-01
2.417848916666666881e+01	7.108938547486033377e-01	7.346660439221135430e-01
2.417982722222222236e+01	7.122905027932960875e-01	7.346816520421708407e-01
2.418051166666666774e+01	7.136871508379888374e-01	7.346896355792378319e-01
2.418199000000000254e+01	7.150837988826815872e-01	7.347068784219074056e-01
2.418224027777777962e+01	7.164804469273743370e-01	7.347097974769469797e-01
2.418264916666666409e+01	7.178770949720670869e-01	7.347145663856686770e-01
2.418504361111111223e+01	7.192737430167598367e-01	7.347424912906213024e-01
2.418591611111110851e+01	7.206703910614525865e-01	7.347526659806098426e-01
2.418637611111110886e+01	7.220670391061452253e-01	7.347580301299558858e-01
2.418699333333333357e+01	7.234636871508379752e-01	7.347652275077407591e-01
2.418768888888888569e+01	7.248603351955307250e-01	7.347733380900565159e-01
2.418796222222222170e+01	7.262569832402234749e-01	7.347765252478137832e-01
2.419009972222222160e+01	7.276536312849162247e-01	7.348014478893563073e-01
2.419169249999999849e+01	7.290502793296089745e-01	7.348200177020793866e-01
2.419214222222222332e+01	7.304469273743017244e-01	7.348252606698124634e-01
2.419245333333333292e+01	7.318435754189944742e-01	7.348288876158610705e-01
2.419321000000000055e+01	7.332402234636872240e-01	7.348377086597385199e-01
2.419357083333333236e+01	7.346368715083798628e-01	7.348419150674193601e-01
2.419395138888889107e+01	7.360335195530726127e-01	7.348463513142295955e-01
2.419502333333333510e+01	7.374301675977653625e-01	7.348588468834607035e-01
2.419526583333333036e+01	7.388268156424581123e-01	7.348616736045664455e-01
2.419600611111111022e+01	7.402234636871508622e-01	7.348703025266815070e-01
2.419609444444444435e+01	7.416201117318436120e-01	7.348713321504158902e-01
2.419681500000000085e+01	7.430167597765363618e-01	7.348797308814776219e-01
2.419776444444444508e+01	7.444134078212291117e-01	7.348907971146939611e-01
2.419852638888889018e+01	7.458100558659218615e-01	7.348996776108320805e-01
2.419904138888889022e+01	7.472067039106145003e-01	7.349056797900861415e-01
2.419921027777778022e+01	7.486033519553072502e-01	7.349076481126997074e-01
2.419997888888888937e+01	7.500000000000000000e-01	7.349166057384142192e-01
2.420006999999999664e+01	7.513966480446927498e-01	7.349176675547168802e-01
2.420131111111111011e+01	7.527932960893854997e-01	7.349321311410271784e-01
2.420350000000000179e+01	7.541899441340782495e-01	7.349576379599896958e-01
2.420581111111111028e+01	7.555865921787709993e-01	7.349845663537190044e-01
2.420612111111110920e+01	7.569832402234637492e-01	7.349881781753444532e-01
2.420727055555555651e+01	7.583798882681564990e-01	7.350015699660386037e-01
2.420954638888888866e+01	7.597765363128491378e-01	7.350280829385592574e-01
2.420999527777777516e+01	7.611731843575418877e-01	7.350333120850824908e-01
2.420999972222222141e+01	7.625698324022346375e-01	7.350333638582945417e-01
2.421130916666666621e+01	7.639664804469273873e-01	7.350486171003404179e-01
2.421157249999999905e+01	7.653631284916201372e-01	7.350516844685079931e-01
2.421271972222222146e+01	7.667597765363128870e-01	7.350650471665443053e-01
2.421273277777777722e+01	7.681564245810056368e-01	7.350651992321106665e-01
2.421473861111110892e+01	7.695530726256983867e-01	7.350885612901001398e-01
2.421552416666666829e+01	7.709497206703911365e-01	7.350977101401432456e-01
2.421618555555555474e+01	7.723463687150837753e-01	7.351054126575072845e-01
2.421916638888888684e+01	7.737430167597765251e-01	7.351401245837883014e-01
2.421982750000000095e+01	7.751396648044692750e-01	7.351478226334473565e-01
2.421985916666666583e+01	7.765363128491620248e-01	7.351481913579418492e-01
2.422076194444444397e+01	7.779329608938547747e-01	7.351587030245396726e-01
2.422253916666666740e+01	7.793296089385475245e-01	7.351793952340780480e-01
2.422333166666666671e+01	7.807262569832402743e-01	7.351886217953722547e-01
2.422393277777777598e+01	7.821229050279330242e-01	7.351956199261107106e-01
2.422480611111111060e+01	7.835195530726257740e-01	7.352057869362489395e-01
2.422539027777777676e+01	7.849162011173184128e-01	7.352125873616002227e-01
2.422579305555555607e+01	7.863128491620111626e-01	7.352172760933337603e-01
2.422677972222222564e+01	7.877094972067039125e-01	7.352287615184762704e-01
2.422893833333333191e+01	7.891061452513966623e-01	7.352538873822458410e-01
2.422954222222222143e+01	7.905027932960894121e-01	7.352609161186876019e-01
2.423057944444444445e+01	7.918994413407821620e-01	7.352729880391553063e-01
2.423206444444444330e+01	7.932960893854749118e-01	7.352902705535646621e-01
2.423216749999999919e+01	7.946927374301676616e-01	7.352914698781103375e-01
2.423223277777777795e+01	7.960893854748604115e-01	7.352922295552676291e-01
2.423548999999999864e+01	7.974860335195530503e-01	7.353301330607275865e-01
2.423599000000000103e+01	7.988826815642458001e-01	7.353359509589980636e-01
2.423609361111111227e+01	8.002793296089385500e-01	7.353371565408097776e-01
2.423674055555555640e+01	8.016759776536312998e-01	7.353446840306625543e-01
2.423784694444444199e+01	8.030726256983240496e-01	7.353575568673096363e-01
2.423824749999999995e+01	8.044692737430167995e-01	7.353622171775169303e-01
2.423881944444444514e+01	8.058659217877095493e-01	7.353688713894378504e-01
2.424004194444444238e+01	8.072625698324022991e-01	7.353830938428247421e-01
2.424089000000000027e+01	8.086592178770950490e-01	7.353929595946822051e-01
2.424155805555555432e+01	8.100558659217876878e-01	7.354007310792787244e-01
2.424171999999999727e+01	8.114525139664804376e-01	7.354026149432523196e-01
2.424331888888888997e+01	8.128491620111731875e-01	7.354212137448414843e-01
2.424391194444444508e+01	8.142458100558659373e-01	7.354281120297876395e-01
2.424519833333333452e+01	8.156424581005586871e-01	7.354430743894155853e-01
2.424824833333333274e+01	8.170391061452514370e-01	7.354785464363536862e-01
2.424876555555555413e+01	8.184357541899441868e-01	7.354845613518687930e-01
2.425115638888888725e+01	8.198324022346369366e-01	7.355123632146820523e-01
2.425564444444444590e+01	8.212290502793296865e-01	7.355645447854671781e-01
2.425790916666666774e+01	8.226256983240223253e-01	7.355908722719632920e-01
2.426230138888888987e+01	8.240223463687150751e-01	7.356419245600220869e-01
2.426323361111111154e+01	8.254189944134078250e-01	7.356527588268266804e-01
2.426829277777778060e+01	8.268156424581005748e-01	7.357115486108826152e-01
2.427007111111111115e+01	8.282122905027933246e-01	7.357322105354275887e-01
2.427180749999999776e+01	8.296089385474860745e-01	7.357523835613458685e-01
2.427350111111111275e+01	8.310055865921788243e-01	7.357720581199420629e-01
2.428264361111111214e+01	8.324022346368715741e-01	7.358782405907018376e-01
2.428600555555555474e+01	8.337988826815643240e-01	7.359172760246990297e-01
2.429629611111111132e+01	8.351955307262569628e-01	7.360367234984492857e-01
2.429934861111111033e+01	8.365921787709497126e-01	7.360721449566023367e-01
2.430388611111111175e+01	8.379888268156424624e-01	7.361247896913845068e-01
2.430577861111111204e+01	8.393854748603352123e-01	7.361467436482570514e-01
2.431206472222222459e+01	8.407821229050279621e-01	7.362196526068069957e-01
2.431226472222222412e+01	8.421787709497207119e-01	7.362219719601431622e-01
2.431230833333333408e+01	8.435754189944134618e-01	7.362224777053150149e-01
2.431254611111111075e+01	8.449720670391062116e-01	7.362252351269036321e-01
2.431561694444444655e+01	8.463687150837989615e-01	7.362608438637291419e-01
2.431679111111111169e+01	8.477653631284916003e-01	7.362744579827483760e-01
2.431756111111111096e+01	8.491620111731843501e-01	7.362833855259576232e-01
2.432101972222222130e+01	8.505586592178770999e-01	7.363234816690675810e-01
2.432302138888888621e+01	8.519553072625698498e-01	7.363466844744033235e-01
2.432479166666666615e+01	8.533519553072625996e-01	7.363672033778420056e-01
2.432866999999999891e+01	8.547486033519553494e-01	7.364121507119334442e-01
2.433290722222222158e+01	8.561452513966480993e-01	7.364612485727255464e-01
2.435480888888888984e+01	8.575418994413408491e-01	7.367148834489898324e-01
2.435797138888888824e+01	8.589385474860335989e-01	7.367514869853322157e-01
2.435806722222222120e+01	8.603351955307262378e-01	7.367525961039593785e-01
2.436156055555555611e+01	8.617318435754189876e-01	7.367930226994257037e-01
2.439203000000000188e+01	8.631284916201117374e-01	7.371453671842596034e-01
2.439709361111111008e+01	8.645251396648044873e-01	7.372038763672068562e-01
2.439808055555555555e+01	8.659217877094972371e-01	7.372152788291820302e-01
2.440035583333333236e+01	8.673184357541899869e-01	7.372415639034198831e-01
2.440241444444444241e+01	8.687150837988827368e-01	7.372653436773287661e-01
2.440455611111111267e+01	8.701117318435754866e-01	7.372900805724293960e-01
2.440457083333333443e+01	8.715083798882682364e-01	7.372902506104702658e-01
2.440664611111111171e+01	8.729050279329608752e-01	7.373142184565486534e-01
2.440674277777777945e+01	8.743016759776536251e-01	7.373153348281483721e-01
2.441062083333333277e+01	8.756983240223463749e-01	7.373601173058172975e-01
2.441103277777777691e+01	8.770949720670391248e-01	7.373648738527505131e-01
2.441399888888888725e+01	8.784916201117318746e-01	7.373991197305804768e-01
2.441457805555555538e+01	8.798882681564246244e-01	7.374058061035793088e-01
2.441508083333333090e+01	8.812849162011173743e-01	7.374116104428110052e-01
2.441555555555555657e+01	8.826815642458101241e-01	7.374170907757409132e-01
2.441564500000000137e+01	8.840782122905028739e-01	7.374181233359040633e-01
2.441983916666666588e+01	8.854748603351955127e-01	7.374665368699073742e-01
2.443183388888888885e+01	8.868715083798882626e-01	7.376049434542386596e-01
2.443457388888888815e+01	8.882681564245810124e-01	7.376365499572155038e-01
2.443625444444444383e+01	8.896648044692737622e-01	7.376559336517192200e-01
2.445688249999999897e+01	8.910614525139665121e-01	7.378937430518495155e-01
2.446876722222222256e+01	8.924581005586592619e-01	7.380306575259985014e-01
2.447049805555555579e+01	8.938547486033520117e-01	7.380505911191503898e-01
2.447370527777777838e+01	8.952513966480447616e-01	7.380875239205166860e-01
2.447898666666666756e+01	8.966480446927375114e-01	7.381483304627864950e-01
2.451174777777777791e+01	8.980446927374301502e-01	7.385252057338265175e-01
2.451844083333333302e+01	8.994413407821229001e-01	7.386021341441612043e-01
2.451896194444444532e+01	9.008379888268156499e-01	7.386081227232426105e-01
2.451959611111111315e+01	9.022346368715083997e-01	7.386154103452282627e-01
2.452060638888888988e+01	9.036312849162011496e-01	7.386270196851634218e-01
2.452172361111110988e+01	9.050279329608938994e-01	7.386398573485144503e-01
2.452358000000000260e+01	9.064245810055866492e-01	7.386611871586522549e-01
2.452930694444444626e+01	9.078212290502793991e-01	7.387269784794433525e-01
2.453258916666666423e+01	9.092178770949721489e-01	7.387646772865753553e-01
2.453300277777777794e+01	9.106145251396647877e-01	7.387694275373858366e-01
2.456228944444444551e+01	9.120111731843575376e-01	7.391055602497524912e-01
2.456340333333332993e+01	9.134078212290502874e-01	7.391183361777160510e-01
2.456616416666666680e+01	9.148044692737430372e-01	7.391499993031946936e-01
2.456820166666666694e+01	9.162011173184357871e-01	7.391733642825424333e-01
2.456917111111111041e+01	9.175977653631285369e-01	7.391844806272125368e-01
2.457137166666666417e+01	9.189944134078212867e-01	7.392097120158069856e-01
2.457288722222222077e+01	9.203910614525140366e-01	7.392270878314233240e-01
2.457415388888888685e+01	9.217877094972067864e-01	7.392416092525238014e-01
2.458037861111111155e+01	9.231843575418994252e-01	7.393129594594787246e-01
2.458603166666666695e+01	9.245810055865921750e-01	7.393777400826788693e-01
2.458885388888888812e+01	9.259776536312849249e-01	7.394100750304687386e-01
2.458895333333333610e+01	9.273743016759776747e-01	7.394112143186453157e-01
2.459012055555555420e+01	9.287709497206704246e-01	7.394245862617294662e-01
2.459217333333333144e+01	9.301675977653631744e-01	7.394481016508508420e-01
2.459220333333333386e+01	9.315642458100559242e-01	7.394484452970961907e-01
2.459261500000000211e+01	9.329608938547486741e-01	7.394531608414569579e-01
2.459420277777777741e+01	9.343575418994414239e-01	7.394713476612417846e-01
2.459546027777777866e+01	9.357541899441340627e-01	7.394857504925751446e-01
2.459927111111111131e+01	9.371508379888268125e-01	7.395293931765476447e-01
2.461577388888888862e+01	9.385474860335195624e-01	7.397183030381337954e-01
2.461711277777777696e+01	9.399441340782123122e-01	7.397336234971780833e-01
2.461734638888889037e+01	9.413407821229050620e-01	7.397362965388146749e-01
2.462413666666666856e+01	9.427374301675978119e-01	7.398139807421677538e-01
2.462556888888888906e+01	9.441340782122905617e-01	7.398303631255340740e-01
2.462628861111111078e+01	9.455307262569833116e-01	7.398385952332617865e-01
2.462809250000000105e+01	9.469273743016760614e-01	7.398592267817303281e-01
2.464309222222222218e+01	9.483240223463687002e-01	7.400307191694386333e-01
2.466971444444444117e+01	9.497206703910614500e-01	7.403348136950691494e-01
2.467137777777777785e+01	9.511173184357541999e-01	7.403538014462400785e-01
2.468866749999999755e+01	9.525139664804469497e-01	7.405510897455624963e-01
2.468918999999999997e+01	9.539106145251396995e-01	7.405570495162601130e-01
2.469207222222222242e+01	9.553072625698324494e-01	7.405899224311029982e-01
2.469390833333333646e+01	9.567039106145251992e-01	7.406108618520039766e-01
2.470210277777777819e+01	9.581005586592179490e-01	7.407042925228757291e-01
2.470246194444444399e+01	9.594972067039106989e-01	7.407083868667532212e-01
2.470821027777777701e+01	9.608938547486033377e-01	7.407739065713145887e-01
2.470971972222222135e+01	9.622905027932960875e-01	7.407911085272678164e-01
2.472419805555555428e+01	9.636871508379888374e-01	7.409560487766049253e-01
2.472651305555555723e+01	9.650837988826815872e-01	7.409824120142106674e-01
2.472777777777777786e+01	9.664804469273743370e-01	7.409968135472000395e-01
2.472899750000000196e+01	9.678770949720670869e-01	7.410107019016658469e-01
2.472996805555555255e+01	9.692737430167598367e-01	7.410217525903928237e-01
2.473167805555555532e+01	9.706703910614525865e-01	7.410412214030595024e-01
2.473294222222222416e+01	9.720670391061453364e-01	7.410556133416507096e-01
2.473642472222222111e+01	9.734636871508379752e-01	7.410952558177699157e-01
2.474181749999999980e+01	9.748603351955307250e-01	7.411566316570841195e-01
2.476657888888888692e+01	9.762569832402234749e-01	7.414382572181661413e-01
2.476888833333333650e+01	9.776536312849162247e-01	7.414645082350630467e-01
2.476935833333333292e+01	9.790502793296089745e-01	7.414698503095034088e-01
2.477711222222222531e+01	9.804469273743017244e-01	7.415579659784349298e-01
2.479206138888888944e+01	9.818435754189944742e-01	7.417277644672211068e-01
2.479304944444444558e+01	9.832402234636872240e-01	7.417389832579394104e-01
2.479949138888888882e+01	9.846368715083799739e-01	7.418121158096796508e-01
2.480127861111111187e+01	9.860335195530726127e-01	7.418324016846996605e-01
2.480243722222222402e+01	9.874301675977653625e-01	7.418455516545134909e-01
2.480430916666666974e+01	9.888268156424581123e-01	7.418667963783920349e-01
2.480448138888888820e+01	9.902234636871508622e-01	7.418687508429928634e-01
2.480677444444444646e+01	9.916201117318436120e-01	7.418947721832789277e-01
2.481145194444444257e+01	9.930167597765363618e-01	7.419478438023037192e-01
2.481361000000000061e+01	9.944134078212291117e-01	7.419723257465122845e-01
2.481392805555555725e+01	9.958100558659218615e-01	7.419759337141250688e-01
2.482535500000000184e+01	9.972067039106146114e-01	7.421055255491906255e-01
2.483083111111110952e+01	9.986033519553072502e-01	7.421676065063504968e-01
2.483284305555555704e+01	1.000000000000000000e+00	7.421904115364876819e-01
