7.766666666666666077e-04	0.000000000000000000e+00	1.251822145830749911e-03
8.344444444444444045e-04	1.150747986191024167e-03	1.344732145426408287e-03
8.733333333333333833e-04	2.301495972382048335e-03	1.407250948998295392e-03
9.319444444444444434e-04	3.452243958573072286e-03	1.501450228828304923e-03
9.749999999999999552e-04	4.602991944764096670e-03	1.570629234250886519e-03
1.266111111111111083e-03	5.753739930955121054e-03	2.037935205948193662e-03
1.920000000000000049e-03	6.904487917146144571e-03	3.084843386848445945e-03
2.265555555555555812e-03	8.055235903337169823e-03	3.636564119376073378e-03
3.301388888888888862e-03	9.205983889528193340e-03	5.284083095821734410e-03
5.136944444444443980e-03	1.035673187571921686e-02	8.180495579893420910e-03
5.467777777777778001e-03	1.150747986191024211e-02	8.699416984806918052e-03
5.988888888888888214e-03	1.265822784810126563e-02	9.514875526257959848e-03
6.144722222222221558e-03	1.380897583429228914e-02	9.758275733820709341e-03
7.197777777777777768e-03	1.495972382048331439e-02	1.139760234119413518e-02
8.059166666666667603e-03	1.611047180667433965e-02	1.273150362835862026e-02
8.173333333333332798e-03	1.726121979286536143e-02	1.290782200853290984e-02
8.267777777777778406e-03	1.841196777905638668e-02	1.305359783201642809e-02
8.340277777777778054e-03	1.956271576524741193e-02	1.316545084995313086e-02
8.678888888888888764e-03	2.071346375143843371e-02	1.368727006307046690e-02
8.978888888888888684e-03	2.186421173762945896e-02	1.414877650539803078e-02
9.074166666666667880e-03	2.301495972382048422e-02	1.429518840296495341e-02
9.374166666666666065e-03	2.416570771001150600e-02	1.475569352145633673e-02
9.418333333333332377e-03	2.531645569620253125e-02	1.482342604332009817e-02
9.589166666666667713e-03	2.646720368239355650e-02	1.508525570466912047e-02
9.889166666666665897e-03	2.761795166858457828e-02	1.554446018720678779e-02
1.008583333333333207e-02	2.876869965477560354e-02	1.584508411923435389e-02
1.011388888888888754e-02	2.991944764096662879e-02	1.588794329618103962e-02
1.027222222222222078e-02	3.107019562715765404e-02	1.612969816052234329e-02
1.038583333333333372e-02	3.222094361334867929e-02	1.630303850586967140e-02
1.042249999999999947e-02	3.337169159953969760e-02	1.635895903180517585e-02
1.052611111111111108e-02	3.452243958573072286e-02	1.651691609699146301e-02
1.059805555555555501e-02	3.567318757192174811e-02	1.662654394363571875e-02
1.066055555555555506e-02	3.682393555811277336e-02	1.672174538360582385e-02
1.067527777777777659e-02	3.797468354430379861e-02	1.674416586343274727e-02
1.075722222222222184e-02	3.912543153049482386e-02	1.686892602819312081e-02
1.078499999999999945e-02	4.027617951668584911e-02	1.691120488803421473e-02
1.090888888888888811e-02	4.142692750287686743e-02	1.709969021657020694e-02
1.105638888888888817e-02	4.257767548906789268e-02	1.732393075363825030e-02
1.122583333333333246e-02	4.372842347525891793e-02	1.758130920461375979e-02
1.124472222222222192e-02	4.487917146144994318e-02	1.760998576782679681e-02
1.127611111111111175e-02	4.602991944764096843e-02	1.765763290372701633e-02
1.146166666666666688e-02	4.718066743383199368e-02	1.793913179537243163e-02
1.155166666666666668e-02	4.833141542002301200e-02	1.807556414919275767e-02
1.158000000000000002e-02	4.948216340621403725e-02	1.811850115500357461e-02
1.177361111111110969e-02	5.063291139240506250e-02	1.841172574098315362e-02
1.194111111111111068e-02	5.178365937859608775e-02	1.866515423328252155e-02
1.201444444444444565e-02	5.293440736478711300e-02	1.877603485896717217e-02
1.213527777777777782e-02	5.408515535097813826e-02	1.895863880284243130e-02
1.280638888888888972e-02	5.523590333716915657e-02	1.997063020626632657e-02
1.317888888888888929e-02	5.638665132336018182e-02	2.053073427586316058e-02
1.357388888888888881e-02	5.753739930955120707e-02	2.112342525062826937e-02
1.368638888888888856e-02	5.868814729574223232e-02	2.129199565415995643e-02
1.368861111111111147e-02	5.983889528193325757e-02	2.129532439627346285e-02
1.391583333333333387e-02	6.098964326812428283e-02	2.163547501579909937e-02
1.394388888888888935e-02	6.214039125431530808e-02	2.167744477337374409e-02
1.409249999999999912e-02	6.329113924050633333e-02	2.189965258679704707e-02
1.451694444444444516e-02	6.444188722669735858e-02	2.253330254571583868e-02
1.461472222222222166e-02	6.559263521288838383e-02	2.267906628564575477e-02
1.564916666666666886e-02	6.674338319907939521e-02	2.421642634232945568e-02
1.565499999999999878e-02	6.789413118527042046e-02	2.422507109641380829e-02
1.586222222222222200e-02	6.904487917146144571e-02	2.453198743115914127e-02
1.757361111111111276e-02	7.019562715765247096e-02	2.705351996831550920e-02
1.847083333333333563e-02	7.134637514384349621e-02	2.836612080333789088e-02
2.065222222222222112e-02	7.249712313003452147e-02	3.153085558951740364e-02
2.066194444444444459e-02	7.364787111622554672e-02	3.154487682979500995e-02
2.078249999999999889e-02	7.479861910241657197e-02	3.171867884818146965e-02
2.378250000000000156e-02	7.594936708860759722e-02	3.600738072231879361e-02
2.518777777777777768e-02	7.710011507479862247e-02	3.799253575077277123e-02
2.606250000000000233e-02	7.825086306098964772e-02	3.922063132421227394e-02
2.653583333333333141e-02	7.940161104718067298e-02	3.988277476405310829e-02
2.828638888888888869e-02	8.055235903337169823e-02	4.231702010358517896e-02
2.862555555555555686e-02	8.170310701956270960e-02	4.278600751709149552e-02
2.873194444444444537e-02	8.285385500575373485e-02	4.293294232224842411e-02
2.984999999999999806e-02	8.400460299194476010e-02	4.447203747416739184e-02
2.986833333333333354e-02	8.515535097813578536e-02	4.449719796756790302e-02
3.040444444444444574e-02	8.630609896432681061e-02	4.523185941149743261e-02
3.041416666666666574e-02	8.745684695051783586e-02	4.524516280897949994e-02
3.083388888888888638e-02	8.860759493670886111e-02	4.581882926391023236e-02
3.118361111111110986e-02	8.975834292289988636e-02	4.629583738621201316e-02
3.279750000000000026e-02	9.090909090909091161e-02	4.848559334617197347e-02
3.361611111111111050e-02	9.205983889528193687e-02	4.958910039562303140e-02
3.399361111111110639e-02	9.321058688147296212e-02	5.009635642394227872e-02
3.453055555555555739e-02	9.436133486766398737e-02	5.081610373006317793e-02
3.488694444444444265e-02	9.551208285385501262e-02	5.129268842118528404e-02
3.489055555555555660e-02	9.666283084004602399e-02	5.129751278331484698e-02
3.577611111111111269e-02	9.781357882623704925e-02	5.247779603495350553e-02
3.697305555555555762e-02	9.896432681242807450e-02	5.406428337940505369e-02
3.719305555555555559e-02	1.001150747986190997e-01	5.435478429002438272e-02
3.810305555555555668e-02	1.012658227848101250e-01	5.555279909949084605e-02
3.811805555555555086e-02	1.024165707710011503e-01	5.557249810545350499e-02
3.984750000000000097e-02	1.035673187571921755e-01	5.783323674475437937e-02
4.223472222222222211e-02	1.047180667433832008e-01	6.091997624295175662e-02
4.232999999999999957e-02	1.058688147295742260e-01	6.104236546822172649e-02
4.355333333333333279e-02	1.070195627157652513e-01	6.260833743173588317e-02
4.601805555555555510e-02	1.081703107019562765e-01	6.573285694983987959e-02
4.619055555555555415e-02	1.093210586881473018e-01	6.595001883242046503e-02
4.715083333333332932e-02	1.104718066743383131e-01	6.715532486739761442e-02
4.872499999999999748e-02	1.116225546605293384e-01	6.911804585004543977e-02
4.927833333333332677e-02	1.127733026467203636e-01	6.980411447728851471e-02
4.952916666666666579e-02	1.139240506329113889e-01	7.011446297278478568e-02
5.005194444444444751e-02	1.150747986191024141e-01	7.075996951528318313e-02
5.129666666666667096e-02	1.162255466052934394e-01	7.228980703250698081e-02
5.274611111111111167e-02	1.173762945914844646e-01	7.405874467764106406e-02
5.464638888888889018e-02	1.185270425776754899e-01	7.635768586299951366e-02
5.758833333333333859e-02	1.196777905638665151e-01	7.987220388514348901e-02
5.877083333333332771e-02	1.208285385500575404e-01	8.126976150531506349e-02
5.962805555555555914e-02	1.219792865362485657e-01	8.227753197994136514e-02
6.050666666666666693e-02	1.231300345224395909e-01	8.330580774502960306e-02
6.134027777777777135e-02	1.242807825086306162e-01	8.427709886569734188e-02
6.205416666666666720e-02	1.254315304948216414e-01	8.510556812495562173e-02
6.349111111111110928e-02	1.265822784810126667e-01	8.676389681292695499e-02
6.480388888888889698e-02	1.277330264672036919e-01	8.826820530045398350e-02
6.482361111111110963e-02	1.288837744533947172e-01	8.829072731889742176e-02
7.247361111111109977e-02	1.300345224395857424e-01	9.685661245310428491e-02
7.549861111111111356e-02	1.311852704257767677e-01	1.001521869451219571e-01
7.558277777777777651e-02	1.323360184119677929e-01	1.002431560654533094e-01
7.565111111111111342e-02	1.334867663981587904e-01	1.003169834632281487e-01
7.639222222222222247e-02	1.346375143843498157e-01	1.011160303392054649e-01
7.720888888888888246e-02	1.357882623705408409e-01	1.019930511525471983e-01
7.782250000000000278e-02	1.369390103567318662e-01	1.026496143213860845e-01
7.820249999999999424e-02	1.380897583429228914e-01	1.030551870255795865e-01
8.230694444444444646e-02	1.392405063291139167e-01	1.073863055993445892e-01
8.233250000000000290e-02	1.403912543153049419e-01	1.074129910175364300e-01
8.289055555555555066e-02	1.415420023014959672e-01	1.079948589939945247e-01
8.495638888888890072e-02	1.426927502876869924e-01	1.101345998825190575e-01
8.867694444444444712e-02	1.438434982738780177e-01	1.139324174925214761e-01
8.899361111111112055e-02	1.449942462600690429e-01	1.142523845114066239e-01
9.166138888888888947e-02	1.461449942462600682e-01	1.169278405260512077e-01
9.504499999999999060e-02	1.472957422324510934e-01	1.202700893403839677e-01
9.530694444444444413e-02	1.484464902186421187e-01	1.205264784841548753e-01
9.607611111111111213e-02	1.495972382048331439e-01	1.212773955220391997e-01
9.666833333333332834e-02	1.507479861910241692e-01	1.218536034542260227e-01
9.738694444444444265e-02	1.518987341772151944e-01	1.225504986956232889e-01
9.830555555555554881e-02	1.530494821634062197e-01	1.234377197877700727e-01
9.882361111111111207e-02	1.542002301495972449e-01	1.239362839428617136e-01
1.014224999999999988e-01	1.553509781357882702e-01	1.264180779897386975e-01
1.036744444444444441e-01	1.565017261219792954e-01	1.285427904371222452e-01
1.114494444444444482e-01	1.576524741081703207e-01	1.356991360327159946e-01
1.134300000000000030e-01	1.588032220943613460e-01	1.374786827998875083e-01
1.155622222222222190e-01	1.599539700805523712e-01	1.393752538938161090e-01
1.167030555555555460e-01	1.611047180667433965e-01	1.403818907830297613e-01
1.179988888888888893e-01	1.622554660529343940e-01	1.415184958101975976e-01
1.188397222222222216e-01	1.634062140391254192e-01	1.422521659467979038e-01
1.212163888888888874e-01	1.645569620253164445e-01	1.443097108561537389e-01
1.216288888888888836e-01	1.657077100115074697e-01	1.446644003009421864e-01
1.224213888888888851e-01	1.668584579976984950e-01	1.453438367626315175e-01
1.276694444444444465e-01	1.680092059838895202e-01	1.497776904321382885e-01
1.335244444444444456e-01	1.691599539700805455e-01	1.545930927147222134e-01
1.373052777777777622e-01	1.703107019562715707e-01	1.576311432285455449e-01
1.377322222222222281e-01	1.714614499424625960e-01	1.579707533353965632e-01
1.391052777777777860e-01	1.726121979286536212e-01	1.590582359910845955e-01
1.399533333333333185e-01	1.737629459148446465e-01	1.597263420003079970e-01
1.449888888888888894e-01	1.749136939010356717e-01	1.636380466587066262e-01
1.467241666666666555e-01	1.760644418872266970e-01	1.649644034261039671e-01
1.473527777777777770e-01	1.772151898734177222e-01	1.654421830377786895e-01
1.475427777777777727e-01	1.783659378596087475e-01	1.655863125989970319e-01
1.497344444444444478e-01	1.795166858457997727e-01	1.672394804154244685e-01
1.542666666666666631e-01	1.806674338319907980e-01	1.706040714023754346e-01
1.623391666666666733e-01	1.818181818181818232e-01	1.764213158230659717e-01
1.650452777777777769e-01	1.829689298043728485e-01	1.783225044417052763e-01
1.651650000000000063e-01	1.841196777905638737e-01	1.784060599602006469e-01
1.656797222222222143e-01	1.852704257767548990e-01	1.787647573723678551e-01
1.676972222222222197e-01	1.864211737629459242e-01	1.801624042081626520e-01
1.695286111111111160e-01	1.875719217491369495e-01	1.814197606393553874e-01
1.793008333333333260e-01	1.887226697353279747e-01	1.879507424510682423e-01
1.816016666666666612e-01	1.898734177215190000e-01	1.894458786773868253e-01
1.818375000000000130e-01	1.910241657077100252e-01	1.895982327443112014e-01
1.892250000000000043e-01	1.921749136939010227e-01	1.942878923500059862e-01
1.930191666666666861e-01	1.933256616800920480e-01	1.966353376713270151e-01
1.954177777777777736e-01	1.944764096662830732e-01	1.980984727492989261e-01
1.954716666666666547e-01	1.956271576524740985e-01	1.981311608642625233e-01
1.994280555555555667e-01	1.967779056386651237e-01	2.005092397747307853e-01
2.072038888888888819e-01	1.979286536248561490e-01	2.050603438235325537e-01
2.092208333333333559e-01	1.990794016110471742e-01	2.062149099602073044e-01
2.137269444444444555e-01	2.002301495972381995e-01	2.087567451338084856e-01
2.182061111111111285e-01	2.013808975834292248e-01	2.112328755497199229e-01
2.284822222222221977e-01	2.025316455696202500e-01	2.167296895712539362e-01
2.297502777777777894e-01	2.036823935558112753e-01	2.173907245502715302e-01
2.372308333333333075e-01	2.048331415420023005e-01	2.212156773532099052e-01
2.444905555555555721e-01	2.059838895281933258e-01	2.248090019376087767e-01
2.488405555555555648e-01	2.071346375143843510e-01	2.269079106708214999e-01
2.509388888888888780e-01	2.082853855005753763e-01	2.279061919468852171e-01
2.539969444444444280e-01	2.094361334867664015e-01	2.293448027901846542e-01
2.636027777777777970e-01	2.105868814729574268e-01	2.337414064431971861e-01
2.671505555555555578e-01	2.117376294591484520e-01	2.353195940057684066e-01
2.731991666666666596e-01	2.128883774453394773e-01	2.379553116096543297e-01
2.733761111111110975e-01	2.140391254315305025e-01	2.380313907431219622e-01
2.768186111111111125e-01	2.151898734177215278e-01	2.395001194254016141e-01
2.780986111111111159e-01	2.163406214039125530e-01	2.400407360699700066e-01
2.787161111111111089e-01	2.174913693901035783e-01	2.403004867107630949e-01
2.829336111111110941e-01	2.186421173762946035e-01	2.420564061484979934e-01
2.854866666666666664e-01	2.197928653624856288e-01	2.431041385930864385e-01
2.878288888888888564e-01	2.209436133486766263e-01	2.440554124946274772e-01
2.923594444444443941e-01	2.220943613348676515e-01	2.458688983980691356e-01
2.975927777777778171e-01	2.232451093210586768e-01	2.479209739777532562e-01
2.996922222222222487e-01	2.243958573072497020e-01	2.487315823487358246e-01
3.034972222222221960e-01	2.255466052934407273e-01	2.501826392940100785e-01
3.053472222222222143e-01	2.266973532796317525e-01	2.508798363059304704e-01
3.081405555555555842e-01	2.278481012658227778e-01	2.519223808800512554e-01
3.191111111111111232e-01	2.289988492520138030e-01	2.559015890724194442e-01
3.301502777777777786e-01	2.301495972382048283e-01	2.597275463648460736e-01
3.301525000000000154e-01	2.313003452243958535e-01	2.597282991921556761e-01
3.342566666666667019e-01	2.324510932105868788e-01	2.611070501490786455e-01
3.460447222222222119e-01	2.336018411967779040e-01	2.649411486648939329e-01
3.488972222222221919e-01	2.347525891829689293e-01	2.658416882096518163e-01
3.530699999999999950e-01	2.359033371691599545e-01	2.671404902454430630e-01
3.532491666666666141e-01	2.370540851553509798e-01	2.671957691829037751e-01
3.579555555555555824e-01	2.382048331415420050e-01	2.686336720357760388e-01
3.679786111111110758e-01	2.393555811277330303e-01	2.716070438168376455e-01
3.751569444444444734e-01	2.405063291139240556e-01	2.736647249566220852e-01
3.755019444444444576e-01	2.416570771001150808e-01	2.737621522646316308e-01
3.967227777777777575e-01	2.428078250863061061e-01	2.795075510010311959e-01
3.971255555555555650e-01	2.439585730724971313e-01	2.796120535472390589e-01
3.981097222222221843e-01	2.451093210586881566e-01	2.798667125528795374e-01
4.115588888888889185e-01	2.462600690448791818e-01	2.832512149158971093e-01
4.142163888888888978e-01	2.474108170310702071e-01	2.838994630843341138e-01
4.180749999999999744e-01	2.485615650172612323e-01	2.848290188875836071e-01
4.218933333333333424e-01	2.497123130034522576e-01	2.857354693496063636e-01
4.225688888888888828e-01	2.508630609896432828e-01	2.858944721972199732e-01
4.298988888888888860e-01	2.520138089758343081e-01	2.875937001655822778e-01
4.383313888888888954e-01	2.531645569620253333e-01	2.894910735522736589e-01
4.404000000000000137e-01	2.543153049482163586e-01	2.899473940577311781e-01
4.479491666666666760e-01	2.554660529344073838e-01	2.915829965501217647e-01
4.588327777777777561e-01	2.566168009205984091e-01	2.938615328427128803e-01
4.623747222222222009e-01	2.577675489067894343e-01	2.945834750537584812e-01
4.882372222222222113e-01	2.589182968929804596e-01	2.995807018506726482e-01
4.948933333333333517e-01	2.600690448791714848e-01	3.007928957116384749e-01
4.950416666666667131e-01	2.612197928653625101e-01	3.008195818059054005e-01
4.955427777777777765e-01	2.623705408515535353e-01	3.009096302281358826e-01
5.000249999999999417e-01	2.635212888377445606e-01	3.017079502684429926e-01
5.003177777777777502e-01	2.646720368239355858e-01	3.017596539775045938e-01
5.026688888888888318e-01	2.658227848101265556e-01	3.021729073118248898e-01
5.064044444444444348e-01	2.669735327963175808e-01	3.028224527412951561e-01
5.068905555555556219e-01	2.681242807825086061e-01	3.029063484913973037e-01
5.122688888888888847e-01	2.692750287686996313e-01	3.038250236784959535e-01
5.155141666666667177e-01	2.704257767548906566e-01	3.043709937591374537e-01
5.281130555555555439e-01	2.715765247410816818e-01	3.064328112941959725e-01
5.350472222222222296e-01	2.727272727272727071e-01	3.075297042708484696e-01
5.352188888888889107e-01	2.738780207134637323e-01	3.075565282992547278e-01
5.389874999999999527e-01	2.750287686996547576e-01	3.081414289887010050e-01
5.470724999999999616e-01	2.761795166858457828e-01	3.093710803541686039e-01
5.531755555555555315e-01	2.773302646720368081e-01	3.102771521722936798e-01
5.886333333333333417e-01	2.784810126582278333e-01	3.151906797530487081e-01
5.946375000000000410e-01	2.796317606444188586e-01	3.159674573175076384e-01
5.965941666666666476e-01	2.807825086306098838e-01	3.162173553406019133e-01
5.970869444444444341e-01	2.819332566168009091e-01	3.162800429002056157e-01
6.114247222222222167e-01	2.830840046029919344e-01	3.180613233224545144e-01
6.149963888888888563e-01	2.842347525891829596e-01	3.184925586111981843e-01
6.178138888888888847e-01	2.853855005753739849e-01	3.188293248969514826e-01
6.196080555555555369e-01	2.865362485615650101e-01	3.190422255367147963e-01
6.386830555555556010e-01	2.876869965477560354e-01	3.212336339444360478e-01
6.519163888888888092e-01	2.888377445339470606e-01	3.226802085671124365e-01
6.565227777777777884e-01	2.899884925201380859e-01	3.231703130778992294e-01
6.644302777777777447e-01	2.911392405063291111e-01	3.239960564212314154e-01
6.644550000000000178e-01	2.922899884925201364e-01	3.239986077056840053e-01
6.723750000000000560e-01	2.934407364787111616e-01	3.248064186943480092e-01
6.765808333333332980e-01	2.945914844649021869e-01	3.252278169375883987e-01
6.780888888888888522e-01	2.957422324510932121e-01	3.253776584932350779e-01
6.841602777777777700e-01	2.968929804372842374e-01	3.259743194850986958e-01
6.872916666666666341e-01	2.980437284234752626e-01	3.262779857149575857e-01
6.925522222222222357e-01	2.991944764096662879e-01	3.267820221162455185e-01
6.949244444444444557e-01	3.003452243958573131e-01	3.270068487578884353e-01
7.040091666666666859e-01	3.014959723820483384e-01	3.278540068114946804e-01
7.117058333333333708e-01	3.026467203682393636e-01	3.285550083937776034e-01
7.126677777777776779e-01	3.037974683544303889e-01	3.286415696654274576e-01
7.280613888888889385e-01	3.049482163406214141e-01	3.299960587664770850e-01
7.329030555555555715e-01	3.060989643268124394e-01	3.304104786013555284e-01
7.364977777777776957e-01	3.072497123130034646e-01	3.307146956000414084e-01
7.432347222222221994e-01	3.084004602991944899e-01	3.312770365808869188e-01
7.522561111111110144e-01	3.095512082853855151e-01	3.320145628345343436e-01
7.546680555555554948e-01	3.107019562715765404e-01	3.322088160829764769e-01
7.624849999999999683e-01	3.118527042577675656e-01	3.328301071496139185e-01
7.699427777777777537e-01	3.130034522439585909e-01	3.334113579748763101e-01
7.806797222222222610e-01	3.141542002301496161e-01	3.342291787322713148e-01
7.879502777777778189e-01	3.153049482163406414e-01	3.347706787090650726e-01
8.159827777777778346e-01	3.164556962025316666e-01	3.367713613752341129e-01
8.230052777777777662e-01	3.176064441887226919e-01	3.372521266766567161e-01
8.256205555555555797e-01	3.187571921749137172e-01	3.374291864429080912e-01
8.376352777777777980e-01	3.199079401611047424e-01	3.382291823850491763e-01
8.546488888888889024e-01	3.210586881472957677e-01	3.393259197900483359e-01
8.552508333333332935e-01	3.222094361334867929e-01	3.393639786664054414e-01
8.596036111111110545e-01	3.233601841196778182e-01	3.396377224275344275e-01
8.815361111111111869e-01	3.245109321058687879e-01	3.409792428506844830e-01
8.972736111111111468e-01	3.256616800920598132e-01	3.419051532168200236e-01
9.009174999999999267e-01	3.268124280782508384e-01	3.421154133640701422e-01
9.019288888888888911e-01	3.279631760644418637e-01	3.421735051980324682e-01
9.166002777777777499e-01	3.291139240506328889e-01	3.430034673927653266e-01
9.191424999999999734e-01	3.302646720368239142e-01	3.431449202903426032e-01
9.303686111111111323e-01	3.314154200230149394e-01	3.437615385050875050e-01
9.502019444444443907e-01	3.325661680092059647e-01	3.448204005925804561e-01
9.644838888888888073e-01	3.337169159953969899e-01	3.455601936599199675e-01
9.690138888888888413e-01	3.348676639815880152e-01	3.457910806339911103e-01
9.699066666666666947e-01	3.360184119677790404e-01	3.458363760201909054e-01
9.814933333333334398e-01	3.371691599539700657e-01	3.464181567827301356e-01
9.929133333333333145e-01	3.383199079401610909e-01	3.469808872254425136e-01
1.003219166666666551e+00	3.394706559263521162e-01	3.474800172750274196e-01
1.021501666666666752e+00	3.406214039125431414e-01	3.483462386699699431e-01
1.029948055555555575e+00	3.417721518987341667e-01	3.487385271807313947e-01
1.033484999999999987e+00	3.429228998849251919e-01	3.489013757267198645e-01
1.041424166666666595e+00	3.440736478711162172e-01	3.492639342885133225e-01
1.044755277777777769e+00	3.452243958573072424e-01	3.494148537489789597e-01
1.052280000000000104e+00	3.463751438434982677e-01	3.497532180162540305e-01
1.065393055555555524e+00	3.475258918296892929e-01	3.503346896933193788e-01
1.083529722222222214e+00	3.486766398158803182e-01	3.511226555381449232e-01
1.083725277777777718e+00	3.498273878020713434e-01	3.511310530361005933e-01
1.108118333333333316e+00	3.509781357882623687e-01	3.521629544577256077e-01
1.122384444444444407e+00	3.521288837744533939e-01	3.527528540960814807e-01
1.152913055555555566e+00	3.532796317606444192e-01	3.539844561533138645e-01
1.165607777777777798e+00	3.544303797468354444e-01	3.544851676538837149e-01
1.167367500000000113e+00	3.555811277330264697e-01	3.545540768883926885e-01
1.171948055555555479e+00	3.567318757192174949e-01	3.547328925312577264e-01
1.175630277777777843e+00	3.578826237054085202e-01	3.548760652501370405e-01
1.184833333333333183e+00	3.590333716915995454e-01	3.552317145231392859e-01
1.188655555555555576e+00	3.601841196777905707e-01	3.553785257379717955e-01
1.201149444444444381e+00	3.613348676639815960e-01	3.558548622206515466e-01
1.210001388888888973e+00	3.624856156501726212e-01	3.561891619769170791e-01
1.291305833333333375e+00	3.636363636363636465e-01	3.591513637686964966e-01
1.336337222222222287e+00	3.647871116225546717e-01	3.607213705713416818e-01
1.344794999999999963e+00	3.659378596087456970e-01	3.610115481582837349e-01
1.381400555555555743e+00	3.670886075949367222e-01	3.622521739589299461e-01
1.398626666666666463e+00	3.682393555811277475e-01	3.628280599852518051e-01
1.417713611111111272e+00	3.693901035673187727e-01	3.634607454444158670e-01
1.418058888888888758e+00	3.705408515535097980e-01	3.634721405398878558e-01
1.435089999999999977e+00	3.716915995397008232e-01	3.640321046165264640e-01
1.438191388888888866e+00	3.728423475258918485e-01	3.641336411232677372e-01
1.443251666666666599e+00	3.739930955120828737e-01	3.642990317000226463e-01
1.454343055555555653e+00	3.751438434982738990e-01	3.646603655937882271e-01
1.469874722222222152e+00	3.762945914844649242e-01	3.651637382253688502e-01
1.489383333333333281e+00	3.774453394706559495e-01	3.657919121142354513e-01
1.504305277777777672e+00	3.785960874568469747e-01	3.662695027807745252e-01
1.506065833333333437e+00	3.797468354430380000e-01	3.663256926597366903e-01
1.510195277777777845e+00	3.808975834292290252e-01	3.664573600886840143e-01
1.510874166666666740e+00	3.820483314154200505e-01	3.664789894455752206e-01
1.578191666666666659e+00	3.831990794016110202e-01	3.686017517464272863e-01
1.580300555555555597e+00	3.843498273878020455e-01	3.686676049771564490e-01
1.589833055555555541e+00	3.855005753739930707e-01	3.689648241333952638e-01
1.601669444444444590e+00	3.866513233601840960e-01	3.693328842661076639e-01
1.603718888888888916e+00	3.878020713463751212e-01	3.693965042246062369e-01
1.621105277777777909e+00	3.889528193325661465e-01	3.699349739467558962e-01
1.632510833333333355e+00	3.901035673187571717e-01	3.702870407129948971e-01
1.640866666666666696e+00	3.912543153049481970e-01	3.705444030301089375e-01
1.641809166666666542e+00	3.924050632911392222e-01	3.705734029846401434e-01
1.660889166666666750e+00	3.935558112773302475e-01	3.711592384716235760e-01
1.702736388888888897e+00	3.947065592635212727e-01	3.724363675511692673e-01
1.742403611111111195e+00	3.958573072497122980e-01	3.736381060811945209e-01
1.753788055555555392e+00	3.970080552359033232e-01	3.739815554711978240e-01
1.760650000000000048e+00	3.981588032220943485e-01	3.741882742185367317e-01
1.778243888888888957e+00	3.993095512082853737e-01	3.747173193543845704e-01
1.785006944444444299e+00	4.004602991944763990e-01	3.749203199472830317e-01
1.795910833333333567e+00	4.016110471806674243e-01	3.752472012724171746e-01
1.815776944444444263e+00	4.027617951668584495e-01	3.758414961209870508e-01
1.823178888888888904e+00	4.039125431530494748e-01	3.760625236256252002e-01
1.842997777777777957e+00	4.050632911392405000e-01	3.766533006985545162e-01
1.958209722222222338e+00	4.062140391254315253e-01	3.800612248684029915e-01
1.960328611111111119e+00	4.073647871116225505e-01	3.801235224880386010e-01
1.973730277777777875e+00	4.085155350978135758e-01	3.805172592778292007e-01
2.109960277777777726e+00	4.096662830840046010e-01	3.844941515288433642e-01
2.143041388888888843e+00	4.108170310701956263e-01	3.854535780435078829e-01
2.190738611111111123e+00	4.119677790563866515e-01	3.868330379366720084e-01
2.219391111111111314e+00	4.131185270425776768e-01	3.876596092138552274e-01
2.224598888888888570e+00	4.142692750287687020e-01	3.878096807031221616e-01
2.227233055555555286e+00	4.154200230149597273e-01	3.878855701022364544e-01
2.234025277777777596e+00	4.165707710011507525e-01	3.880811934702761423e-01
2.348428888888888455e+00	4.177215189873417778e-01	3.913640637358322127e-01
2.355573611111111187e+00	4.188722669735328030e-01	3.915683578180045865e-01
2.364473888888888986e+00	4.200230149597238283e-01	3.918227343707124666e-01
2.365075277777778151e+00	4.211737629459148535e-01	3.918399179147035172e-01
2.367709722222222091e+00	4.223245109321058788e-01	3.919151853172344602e-01
2.427621944444444679e+00	4.234752589182969040e-01	3.936239449002810753e-01
2.430782499999999846e+00	4.246260069044879293e-01	3.937139319069735688e-01
2.432985555555555290e+00	4.257767548906789545e-01	3.937766479886696258e-01
2.468270555555555301e+00	4.269275028768699798e-01	3.947801240918317189e-01
2.470841666666666825e+00	4.280782508630610050e-01	3.948531706426668952e-01
2.536341666666666494e+00	4.292289988492520303e-01	3.967107400274535456e-01
2.584725833333333611e+00	4.303797468354430555e-01	3.980788769020471296e-01
2.609483333333333377e+00	4.315304948216340808e-01	3.987776331973510446e-01
2.635677222222222227e+00	4.326812428078251060e-01	3.995159829213786873e-01
2.641268333333333551e+00	4.338319907940161313e-01	3.996734590160812006e-01
2.649954722222222170e+00	4.349827387802071565e-01	3.999180278300246139e-01
2.651339722222222139e+00	4.361334867663981818e-01	3.999570132832194203e-01
2.687321388888888940e+00	4.372842347525892071e-01	4.009688983951279484e-01
2.699910000000000032e+00	4.384349827387802323e-01	4.013224931812463536e-01
2.739896666666666647e+00	4.395857307249712576e-01	4.024442062365423123e-01
2.744834166666666686e+00	4.407364787111622828e-01	4.025825614385801776e-01
2.751508888888889004e+00	4.418872266973532525e-01	4.027695428191699900e-01
2.753775555555555865e+00	4.430379746835442778e-01	4.028330259029042626e-01
2.789631944444444400e+00	4.441887226697353031e-01	4.038363325227564138e-01
2.797000277777777377e+00	4.453394706559263283e-01	4.040422912110902542e-01
2.831627500000000186e+00	4.464902186421173536e-01	4.050092030629176554e-01
2.861539722222222082e+00	4.476409666283083788e-01	4.058431552161460010e-01
2.867723333333333180e+00	4.487917146144994041e-01	4.060154043742781882e-01
2.875617222222222047e+00	4.499424626006904293e-01	4.062352202012253777e-01
2.921714166666666834e+00	4.510932105868814546e-01	4.075171891976290262e-01
2.979945277777777957e+00	4.522439585730724798e-01	4.091325769527116574e-01
2.984963333333333413e+00	4.533947065592635051e-01	4.092715728119717955e-01
2.988395555555555472e+00	4.545454545454545303e-01	4.093666233098399720e-01
3.015693333333333115e+00	4.556962025316455556e-01	4.101220437328991775e-01
3.036401666666666888e+00	4.568469505178365808e-01	4.106944586101832773e-01
3.051936388888888629e+00	4.579976985040276061e-01	4.111234963417579324e-01
3.057860000000000245e+00	4.591484464902186313e-01	4.112870112646130893e-01
3.064202777777777609e+00	4.602991944764096566e-01	4.114620459025466470e-01
3.071559166666666396e+00	4.614499424626006818e-01	4.116649861192615001e-01
3.078121944444444313e+00	4.626006904487917071e-01	4.118459733156176750e-01
3.115491666666666770e+00	4.637514384349827323e-01	4.128754776195406873e-01
3.262149722222221992e+00	4.649021864211737576e-01	4.168982582022161543e-01
3.280636944444444314e+00	4.660529344073647828e-01	4.174033841499457109e-01
3.310624166666666479e+00	4.672036823935558081e-01	4.182217895877663461e-01
3.336575555555555628e+00	4.683544303797468333e-01	4.189291178548932848e-01
3.392464722222221951e+00	4.695051783659378586e-01	4.204494973346151188e-01
3.441215833333333585e+00	4.706559263521288838e-01	4.217724381332449424e-01
3.448638611111111363e+00	4.718066743383199091e-01	4.219736015211246194e-01
3.501595277777777682e+00	4.729574223245109343e-01	4.234067369059174579e-01
3.522305000000000241e+00	4.741081703107019596e-01	4.239662230863345815e-01
3.551094166666666663e+00	4.752589182968929848e-01	4.247430771636798719e-01
3.556251944444444479e+00	4.764096662830840101e-01	4.248821450425845914e-01
3.625130555555555301e+00	4.775604142692750353e-01	4.267360781814267812e-01
3.634924166666666956e+00	4.787111622554660606e-01	4.269991961563868177e-01
3.778121111111111485e+00	4.798619102416570859e-01	4.308325899972682560e-01
3.804773611111111009e+00	4.810126582278481111e-01	4.315432414602138333e-01
3.861030555555555299e+00	4.821634062140391364e-01	4.330403405400831129e-01
3.981980277777778188e+00	4.833141542002301616e-01	4.362456886111806265e-01
4.047607777777778360e+00	4.844649021864211869e-01	4.379773223390885928e-01
4.059638888888889241e+00	4.856156501726122121e-01	4.382941952286281140e-01
4.104794166666666300e+00	4.867663981588032374e-01	4.394818924234140667e-01
4.375784166666666586e+00	4.879171461449942626e-01	4.465570298863363874e-01
4.376401944444444858e+00	4.890678941311852879e-01	4.465730566588757000e-01
4.421409166666666835e+00	4.902186421173763131e-01	4.477394140446955273e-01
4.605000000000000426e+00	4.913693901035673384e-01	4.524717407042073702e-01
4.617990555555555154e+00	4.925201380897583636e-01	4.528050512627566082e-01
4.664487777777777566e+00	4.936708860759493889e-01	4.539964109531082759e-01
4.665206944444443948e+00	4.948216340621404141e-01	4.540148171785252096e-01
4.805988055555555860e+00	4.959723820483314394e-01	4.576060207455054929e-01
4.888755555555555965e+00	4.971231300345224646e-01	4.597063116477967393e-01
4.922063055555555344e+00	4.982738780207134899e-01	4.605492191050403195e-01
5.013968055555555914e+00	4.994246260069045151e-01	4.628682298272067674e-01
5.287422222222222246e+00	5.005753739930954849e-01	4.697094226133351480e-01
5.799809722222222241e+00	5.017261219792865656e-01	4.822944526133600140e-01
5.803852499999999637e+00	5.028768699654775354e-01	4.823925524899951300e-01
5.901548888888888733e+00	5.040276179516686161e-01	4.847575565343511528e-01
6.195428333333333981e+00	5.051783659378595859e-01	4.918067564260238944e-01
6.610309166666667124e+00	5.063291139240506666e-01	5.015945091916760301e-01
6.634814444444444348e+00	5.074798619102416364e-01	5.021666987881890920e-01
6.741966944444444110e+00	5.086306098964327171e-01	5.046609657581998531e-01
6.969716111111110557e+00	5.097813578826236869e-01	5.099210184707045901e-01
7.134334444444443868e+00	5.109321058688147676e-01	5.136882008159020518e-01
7.436001111111110617e+00	5.120828538550057374e-01	5.205166492557233848e-01
7.571264166666666462e+00	5.132336018411968181e-01	5.235472138485244287e-01
7.790651666666667197e+00	5.143843498273877879e-01	5.284219089933230862e-01
7.799578888888889061e+00	5.155350978135788687e-01	5.286192085102165983e-01
7.922010833333334112e+00	5.166858457997698384e-01	5.313167486946646090e-01
7.987561666666667115e+00	5.178365937859609192e-01	5.327546779124761045e-01
8.063095000000000567e+00	5.189873417721518889e-01	5.344061145493754772e-01
8.406832222222222484e+00	5.201380897583429697e-01	5.418480617030695390e-01
8.721973333333332690e+00	5.212888377445339394e-01	5.485663350290335138e-01
8.827116666666666944e+00	5.224395857307250202e-01	5.507858230301865277e-01
8.833543611111110749e+00	5.235903337169159899e-01	5.509211360244633537e-01
9.088001666666666978e+00	5.247410817031070707e-01	5.562458736262301251e-01
9.807664722222222409e+00	5.258918296892980404e-01	5.709660747375852052e-01
1.024200388888888824e+01	5.270425776754891212e-01	5.796128456524904937e-01
1.024634805555555594e+01	5.281933256616800909e-01	5.796984426675172442e-01
1.039518583333333446e+01	5.293440736478711717e-01	5.826206227300573248e-01
1.045595277777777810e+01	5.304948216340621414e-01	5.838078310019887418e-01
1.046238416666666637e+01	5.316455696202531112e-01	5.839332837372760432e-01
1.080266305555555562e+01	5.327963176064441919e-01	5.905172233633846357e-01
1.086788499999999935e+01	5.339470655926351617e-01	5.917672307659787023e-01
1.100479249999999887e+01	5.350978135788262424e-01	5.943787257844503902e-01
1.106793638888889042e+01	5.362485615650172122e-01	5.955775524532256338e-01
1.131447861111111131e+01	5.373993095512082929e-01	6.002244849919680103e-01
1.175567555555555543e+01	5.385500575373992627e-01	6.084074830103490816e-01
1.193428055555555645e+01	5.397008055235903434e-01	6.116722950518538315e-01
1.198939944444444450e+01	5.408515535097813132e-01	6.126743345097656057e-01
1.213408527777777834e+01	5.420023014959723939e-01	6.152923806515735450e-01
1.299917944444444551e+01	5.431530494821633637e-01	6.305808897396463220e-01
1.363514361111111128e+01	5.443037974683544444e-01	6.414311857511998394e-01
1.363978750000000062e+01	5.454545454545454142e-01	6.415092323512588957e-01
1.365144305555555526e+01	5.466052934407364949e-01	6.417050443233021095e-01
1.390651055555555615e+01	5.477560414269274647e-01	6.459634694897424811e-01
1.395703888888888855e+01	5.489067894131185454e-01	6.468010291460424277e-01
1.396572805555555519e+01	5.500575373993095152e-01	6.469448613171562279e-01
1.402051055555555692e+01	5.512082853855005959e-01	6.478503307628374897e-01
1.413671861111111028e+01	5.523590333716915657e-01	6.497633886314633234e-01
1.418118305555555558e+01	5.535097813578826464e-01	6.504926258303476150e-01
1.472361694444444424e+01	5.546605293440736162e-01	6.592674898296846386e-01
1.493330916666666752e+01	5.558112773302646969e-01	6.626002965438231307e-01
1.525172722222222177e+01	5.569620253164556667e-01	6.675989403155386803e-01
1.552327416666666515e+01	5.581127733026467475e-01	6.718032347470552779e-01
1.560153222222222347e+01	5.592635212888377172e-01	6.730049842010443761e-01
1.560237194444444420e+01	5.604142692750287980e-01	6.730178552859246155e-01
1.564709277777777707e+01	5.615650172612197677e-01	6.737025953171715820e-01
1.576303249999999956e+01	5.627157652474108485e-01	6.754711284148559036e-01
1.647108083333333539e+01	5.638665132336018182e-01	6.860655180454975355e-01
1.647140222222222405e+01	5.650172612197928990e-01	6.860702475269814249e-01
1.658827277777777809e+01	5.661680092059838687e-01	6.877853711820950400e-01
1.685199888888888964e+01	5.673187571921749495e-01	6.916213095659129451e-01
1.703484555555555602e+01	5.684695051783659192e-01	6.942531434824485981e-01
1.714073861111111086e+01	5.696202531645570000e-01	6.957670497018191291e-01
1.723063138888888801e+01	5.707710011507479697e-01	6.970463228466334815e-01
1.755660027777777898e+01	5.719217491369390505e-01	7.016402649746347198e-01
1.781714138888888854e+01	5.730724971231300202e-01	7.052619782987127328e-01
1.809844000000000008e+01	5.742232451093211010e-01	7.091228956741737477e-01
1.819492361111111123e+01	5.753739930955120707e-01	7.104354832292096855e-01
1.851337361111111335e+01	5.765247410817031515e-01	7.147258663619611152e-01
1.854814638888889178e+01	5.776754890678941212e-01	7.151904830468353014e-01
1.856993222222222073e+01	5.788262370540852020e-01	7.154811889556952353e-01
1.879954194444444227e+01	5.799769850402761717e-01	7.185270711386737563e-01
1.881576083333333216e+01	5.811277330264672525e-01	7.187409853180981578e-01
1.905916222222221990e+01	5.822784810126582222e-01	7.219317973457484161e-01
1.921463888888888860e+01	5.834292289988493030e-01	7.239510090336733761e-01
2.044742361111111251e+01	5.845799769850402727e-01	7.394510324054199835e-01
2.059839944444444271e+01	5.857307249712313535e-01	7.412884499184854148e-01
2.132407972222222270e+01	5.868814729574223232e-01	7.499409650180282050e-01
2.145175472222222268e+01	5.880322209436134040e-01	7.514330597451992499e-01
2.157897694444444170e+01	5.891829689298043737e-01	7.529110069691271612e-01
2.174423611111111043e+01	5.903337169159953435e-01	7.548177176887095330e-01
2.194122111111110840e+01	5.914844649021864242e-01	7.570712594627667658e-01
2.210784722222222243e+01	5.926352128883773940e-01	7.589613121522363892e-01
2.246379666666666708e+01	5.937859608745684747e-01	7.629497594432401719e-01
2.306087277777777800e+01	5.949367088607594445e-01	7.694924082603114002e-01
2.377938722222221912e+01	5.960874568469505252e-01	7.771268009184501002e-01
2.401101361111111387e+01	5.972382048331414950e-01	7.795335855796764468e-01
2.401686111111111188e+01	5.983889528193325757e-01	7.795940082718966213e-01
2.401728472222222521e+01	5.995397008055235455e-01	7.795983848365648505e-01
2.401731111111111261e+01	6.006904487917146263e-01	7.795986574721440743e-01
2.401814999999999856e+01	6.018411967779055960e-01	7.796073242379503165e-01
2.401855194444444308e+01	6.029919447640966768e-01	7.796114767033177628e-01
2.401877888888889245e+01	6.041426927502876465e-01	7.796138212190053540e-01
2.401885250000000127e+01	6.052934407364787273e-01	7.796145816746730128e-01
2.402060805555555589e+01	6.064441887226696970e-01	7.796327170474333101e-01
2.402201194444444354e+01	6.075949367088607778e-01	7.796472185327169013e-01
2.402222611111110950e+01	6.087456846950517475e-01	7.796494306856944778e-01
2.402295111111110870e+01	6.098964326812428283e-01	7.796569191321043313e-01
2.402439277777777704e+01	6.110471806674337980e-01	7.796718091946643892e-01
2.402448527777777798e+01	6.121979286536248788e-01	7.796727645342681479e-01
2.402479749999999825e+01	6.133486766398158485e-01	7.796759891334537063e-01
2.402544361111111115e+01	6.144994246260069293e-01	7.796826619530615732e-01
2.402634166666666715e+01	6.156501726121978990e-01	7.796919364350183290e-01
2.402730111111111100e+01	6.168009205983889798e-01	7.797018444665937409e-01
2.402822861111111408e+01	6.179516685845799495e-01	7.797114221893335362e-01
2.402983555555555384e+01	6.191024165707710303e-01	7.797280151317929064e-01
2.403012916666666499e+01	6.202531645569620000e-01	7.797310467582289073e-01
2.403042777777777772e+01	6.214039125431530808e-01	7.797341299684302784e-01
2.403058083333333173e+01	6.225546605293440505e-01	7.797357102761856007e-01
2.403065805555555556e+01	6.237054085155351313e-01	7.797365075959402647e-01
2.403110833333333574e+01	6.248561565017261010e-01	7.797411566583262177e-01
2.403129694444444198e+01	6.260069044879171818e-01	7.797431040155693438e-01
2.403223166666666799e+01	6.271576524741081515e-01	7.797527545083523526e-01
2.403231277777777919e+01	6.283084004602992323e-01	7.797535919160197837e-01
2.403232055555555746e+01	6.294591484464902020e-01	7.797536722152178523e-01
2.403342833333333317e+01	6.306098964326812828e-01	7.797651088162612654e-01
2.403402388888888908e+01	6.317606444188722525e-01	7.797712570343543481e-01
2.403414555555555410e+01	6.329113924050633333e-01	7.797725130391381931e-01
2.403423833333333448e+01	6.340621403912543030e-01	7.797734708096618617e-01
2.403431055555555318e+01	6.352128883774453838e-01	7.797742163766472334e-01
2.403537888888888929e+01	6.363636363636363535e-01	7.797852447380865248e-01
2.403573861111111043e+01	6.375143843498274343e-01	7.797889580116315056e-01
2.403672555555555590e+01	6.386651323360184040e-01	7.797991455363383340e-01
2.403768250000000251e+01	6.398158803222094848e-01	7.798090229423781938e-01
2.403810027777777591e+01	6.409666283084004546e-01	7.798133350294711441e-01
2.403832666666666640e+01	6.421173762945915353e-01	7.798156716637278940e-01
2.403995722222222398e+01	6.432681242807825051e-01	7.798325004320022513e-01
2.404012611111111042e+01	6.444188722669735858e-01	7.798342434404498258e-01
2.404085305555555507e+01	6.455696202531645556e-01	7.798417456729078712e-01
2.404088305555555749e+01	6.467203682393556363e-01	7.798420552742572065e-01
2.404171611111111062e+01	6.478711162255466061e-01	7.798506522711547984e-01
2.404343833333333080e+01	6.490218642117375758e-01	7.798684242580327108e-01
2.404378833333333532e+01	6.501726121979286566e-01	7.798720358089860083e-01
2.404510888888889042e+01	6.513233601841196263e-01	7.798856617145397685e-01
2.404532805555555441e+01	6.524741081703107071e-01	7.798879230631964310e-01
2.404559500000000227e+01	6.536248561565016768e-01	7.798906773487475075e-01
2.404623861111111083e+01	6.547756041426927576e-01	7.798973178726069655e-01
2.404662194444444623e+01	6.559263521288837273e-01	7.799012728585194010e-01
2.404797388888889031e+01	6.570771001150748081e-01	7.799152207814035176e-01
2.404839055555555660e+01	6.582278481012657778e-01	7.799195193261085901e-01
2.404877194444444299e+01	6.593785960874568586e-01	7.799234538537671568e-01
2.404878583333333353e+01	6.605293440736478283e-01	7.799235971345832574e-01
2.404959333333333049e+01	6.616800920598389091e-01	7.799319273208557002e-01
2.405199416666666679e+01	6.628308400460298788e-01	7.799566925035951170e-01
2.405310166666666660e+01	6.639815880322209596e-01	7.799681156974882512e-01
2.405511277777777934e+01	6.651323360184119293e-01	7.799888575783304745e-01
2.405612888888888889e+01	6.662830840046030101e-01	7.799993366414430529e-01
2.405776333333333383e+01	6.674338319907939798e-01	7.800161914738761304e-01
2.405782194444444499e+01	6.685845799769850606e-01	7.800167958634960375e-01
2.406077694444444504e+01	6.697353279631760303e-01	7.800472652600182188e-01
2.406300194444444429e+01	6.708860759493671111e-01	7.800702047446093079e-01
2.406476833333333332e+01	6.720368239355580808e-01	7.800884142997746018e-01
2.406478638888888710e+01	6.731875719217491616e-01	7.800886004252004513e-01
2.406531722222222314e+01	6.743383199079401313e-01	7.800940724423256478e-01
2.406569722222221941e+01	6.754890678941312121e-01	7.800979895326574098e-01
2.406664305555555217e+01	6.766398158803221818e-01	7.801077390049697691e-01
2.406680444444444333e+01	6.777905638665132626e-01	7.801094025281468669e-01
2.406685888888888769e+01	6.789413118527042323e-01	7.801099637138495524e-01
2.406703222222222394e+01	6.800920598388953131e-01	7.801117503363450556e-01
2.406830055555555603e+01	6.812428078250862828e-01	7.801248231611431772e-01
2.406885611111110990e+01	6.823935558112773636e-01	7.801305490770311657e-01
2.406994750000000138e+01	6.835443037974683334e-01	7.801417972045990856e-01
2.407089944444444285e+01	6.846950517836594141e-01	7.801516077129062587e-01
2.407263944444444093e+01	6.858457997698503839e-01	7.801695385990745635e-01
2.407295027777777818e+01	6.869965477560414646e-01	7.801727416158675821e-01
2.407469194444444582e+01	6.881472957422324344e-01	7.801906879511760762e-01
2.407614555555555569e+01	6.892980437284235151e-01	7.802056650069557620e-01
2.407724555555555668e+01	6.904487917146144849e-01	7.802169980073906386e-01
2.407917583333333056e+01	6.915995397008055656e-01	7.802368837212689812e-01
2.407942277777777917e+01	6.927502876869965354e-01	7.802394276121220607e-01
2.408067083333333258e+01	6.939010356731876161e-01	7.802522839688380563e-01
2.408116527777777804e+01	6.950517836593785859e-01	7.802573770871035208e-01
2.408173999999999992e+01	6.962025316455696666e-01	7.802632969734137891e-01
2.408182944444444473e+01	6.973532796317606364e-01	7.802642182753563027e-01
2.408595777777777869e+01	6.985040276179517171e-01	7.803067370206659970e-01
2.408771666666666533e+01	6.996547756041426869e-01	7.803248497611038337e-01
2.408834027777777465e+01	7.008055235903337676e-01	7.803312712443136734e-01
2.408876444444444331e+01	7.019562715765247374e-01	7.803356388897757512e-01
2.408931194444444301e+01	7.031070195627158181e-01	7.803412763705598332e-01
2.409072277777777771e+01	7.042577675489067879e-01	7.803558027281044529e-01
2.409078722222222169e+01	7.054085155350978686e-01	7.803564662442340483e-01
2.409105499999999722e+01	7.065592635212888384e-01	7.803592232466843859e-01
2.409125194444444418e+01	7.077100115074798081e-01	7.803612509369816097e-01
2.409236611111111159e+01	7.088607594936708889e-01	7.803727217633020796e-01
2.409354388888888820e+01	7.100115074798618586e-01	7.803848468420897522e-01
2.409575027777777834e+01	7.111622554660529394e-01	7.804075595454202929e-01
2.409620166666666563e+01	7.123130034522439091e-01	7.804122058810450957e-01
2.410034861111111226e+01	7.134637514384349899e-01	7.804548875236527739e-01
2.410197722222222438e+01	7.146144994246259596e-01	7.804716474270729787e-01
2.410361694444444325e+01	7.157652474108170404e-01	7.804885203814656558e-01
2.410445277777777662e+01	7.169159953970080101e-01	7.804971207158797331e-01
2.410459305555555787e+01	7.180667433831990909e-01	7.804985640756396670e-01
2.410609861111111130e+01	7.192174913693900606e-01	7.805140545867987889e-01
2.410950166666666661e+01	7.203682393555811414e-01	7.805490642585068972e-01
2.411043611111111318e+01	7.215189873417721111e-01	7.805586765810266225e-01
2.411100222222222200e+01	7.226697353279631919e-01	7.805644997749427993e-01
2.411101277777777696e+01	7.238204833141541616e-01	7.805646083511833533e-01
2.411479805555555700e+01	7.249712313003452424e-01	7.806035408986867763e-01
2.411574083333333363e+01	7.261219792865362122e-01	7.806132365341219570e-01
2.411611027777777849e+01	7.272727272727272929e-01	7.806170358265598352e-01
2.411913388888888932e+01	7.284234752589182627e-01	7.806481275630559047e-01
2.411922750000000093e+01	7.295742232451093434e-01	7.806490900940337152e-01
2.411990416666666803e+01	7.307249712313003132e-01	7.806560476107444746e-01
2.412037277777777788e+01	7.318757192174913939e-01	7.806608657616609381e-01
2.412046944444444563e+01	7.330264672036823637e-01	7.806618596527720166e-01
2.412129305555555447e+01	7.341772151898734444e-01	7.806703275366312367e-01
2.412185361111110993e+01	7.353279631760644142e-01	7.806760906513915410e-01
2.412201611111111177e+01	7.364787111622554949e-01	7.806777612980714265e-01
2.412238444444444596e+01	7.376294591484464647e-01	7.806815480500994830e-01
2.412444499999999792e+01	7.387802071346375454e-01	7.807027309516751945e-01
2.412472916666666478e+01	7.399309551208285152e-01	7.807056520783202114e-01
2.412609166666666383e+01	7.410817031070195959e-01	7.807196575262415061e-01
2.412700666666666649e+01	7.422324510932105657e-01	7.807290625176588339e-01
2.412808444444444689e+01	7.433831990794016464e-01	7.807401401322194845e-01
2.412810277777777657e+01	7.445339470655926162e-01	7.807403285610283739e-01
2.413004972222222477e+01	7.456846950517836969e-01	7.807603382078363019e-01
2.413038555555555575e+01	7.468354430379746667e-01	7.807637895373673587e-01
2.413118611111111278e+01	7.479861910241657474e-01	7.807720165570422033e-01
2.413314305555555705e+01	7.491369390103567172e-01	7.807921260670520613e-01
2.413471694444444537e+01	7.502876869965477979e-01	7.808082979698127701e-01
2.414051027777777847e+01	7.514384349827387677e-01	7.808678149078835951e-01
2.414630388888889101e+01	7.525891829689298484e-01	7.809273185379164151e-01
2.414668972222222010e+01	7.537399309551208182e-01	7.809312806883808022e-01
2.414860694444444533e+01	7.548906789413118990e-01	7.809509677196370125e-01
2.416547416666666592e+01	7.560414269275028687e-01	7.811240928643129466e-01
2.416804527777777878e+01	7.571921749136939495e-01	7.811504707241190282e-01
2.416863305555555641e+01	7.583429228998849192e-01	7.811565004798484146e-01
2.417356305555555807e+01	7.594936708860760000e-01	7.812070686584875467e-01
2.417620805555555563e+01	7.606444188722669697e-01	7.812341942340930157e-01
2.417848916666666881e+01	7.617951668584580505e-01	7.812575852769012563e-01
2.417982722222222236e+01	7.629459148446490202e-01	7.812713048453271414e-01
2.418051166666666774e+01	7.640966628308401010e-01	7.812783223695491941e-01
2.418199000000000254e+01	7.652474108170310707e-01	7.812934787700371864e-01
2.418224027777777962e+01	7.663981588032220404e-01	7.812960446031037565e-01
2.418264916666666409e+01	7.675489067894131212e-01	7.813002364431964608e-01
2.418504361111111223e+01	7.686996547756040910e-01	7.813247821548616745e-01
2.418591611111110851e+01	7.698504027617951717e-01	7.813337255628812761e-01
2.418637611111110886e+01	7.710011507479861415e-01	7.813384405648390318e-01
2.418699333333333357e+01	7.721518987341772222e-01	7.813447669355151337e-01
2.418768888888888569e+01	7.733026467203681920e-01	7.813518959835654698e-01
2.418796222222222170e+01	7.744533947065592727e-01	7.813546974308428483e-01
2.419009972222222160e+01	7.756041426927502425e-01	7.813766038523510815e-01
2.419169249999999849e+01	7.767548906789413232e-01	7.813929261966314765e-01
2.419214222222222332e+01	7.779056386651322930e-01	7.813975346044380599e-01
2.419245333333333292e+01	7.790563866513233737e-01	7.814007225752251928e-01
2.419321000000000055e+01	7.802071346375143435e-01	7.814084759815621561e-01
2.419357083333333236e+01	7.813578826237054242e-01	7.814121732690217925e-01
2.419395138888889107e+01	7.825086306098963940e-01	7.814160725729506485e-01
2.419502333333333510e+01	7.836593785960874747e-01	7.814270557128087935e-01
2.419526583333333036e+01	7.848101265822784445e-01	7.814295402906028531e-01
2.419600611111111022e+01	7.859608745684695252e-01	7.814371247663242093e-01
2.419609444444444435e+01	7.871116225546604950e-01	7.814380297631119410e-01
2.419681500000000085e+01	7.882623705408515757e-01	7.814454118925506787e-01
2.419776444444444508e+01	7.894131185270425455e-01	7.814551386199323213e-01
2.419852638888889018e+01	7.905638665132336262e-01	7.814629441620755124e-01
2.419904138888889022e+01	7.917146144994245960e-01	7.814682197880419290e-01
2.419921027777778022e+01	7.928653624856156767e-01	7.814699498469275252e-01
2.419997888888888937e+01	7.940161104718066465e-01	7.814778231491513738e-01
2.420006999999999664e+01	7.951668584579977272e-01	7.814787564310790025e-01
2.420131111111111011e+01	7.963176064441886970e-01	7.814914691550191028e-01
2.420350000000000179e+01	7.974683544303797778e-01	7.815138881818017857e-01
2.420581111111111028e+01	7.986191024165707475e-01	7.815375565359802268e-01
2.420612111111110920e+01	7.997698504027618283e-01	7.815407310865347679e-01
2.420727055555555651e+01	8.009205983889527980e-01	7.815525015532567288e-01
2.420954638888888866e+01	8.020713463751438788e-01	7.815758045238381246e-01
2.420999527777777516e+01	8.032220943613348485e-01	7.815804005443003355e-01
2.420999972222222141e+01	8.043728423475259293e-01	7.815804460489699235e-01
2.421130916666666621e+01	8.055235903337168990e-01	7.815938524493997175e-01
2.421157249999999905e+01	8.066743383199079798e-01	7.815965484186655488e-01
2.421271972222222146e+01	8.078250863060989495e-01	7.816082931285495139e-01
2.421273277777777722e+01	8.089758342922900303e-01	7.816084267814196185e-01
2.421473861111110892e+01	8.101265822784810000e-01	7.816289600092682921e-01
2.421552416666666829e+01	8.112773302646720808e-01	7.816370010242831290e-01
2.421618555555555474e+01	8.124280782508630505e-01	7.816437708289050157e-01
2.421916638888888684e+01	8.135788262370541313e-01	7.816742792590501976e-01
2.421982750000000095e+01	8.147295742232451010e-01	7.816810450652209585e-01
2.421985916666666583e+01	8.158803222094361818e-01	7.816813691363888594e-01
2.422076194444444397e+01	8.170310701956271515e-01	7.816906078050649409e-01
2.422253916666666740e+01	8.181818181818182323e-01	7.817087940479835462e-01
2.422333166666666671e+01	8.193325661680092020e-01	7.817169031799223733e-01
2.422393277777777598e+01	8.204833141542002828e-01	7.817230537541760560e-01
2.422480611111111060e+01	8.216340621403912525e-01	7.817319893998363467e-01
2.422539027777777676e+01	8.227848101265823333e-01	7.817379661876541208e-01
2.422579305555555607e+01	8.239355581127733030e-01	7.817420870349531814e-01
2.422677972222222564e+01	8.250863060989642728e-01	7.817521813611222337e-01
2.422893833333333191e+01	8.262370540851553535e-01	7.817742639135449867e-01
2.422954222222222143e+01	8.273878020713463233e-01	7.817804412859182817e-01
2.423057944444444445e+01	8.285385500575374040e-01	7.817910509553005483e-01
2.423206444444444330e+01	8.296892980437283738e-01	7.818062400125156408e-01
2.423216749999999919e+01	8.308400460299194545e-01	7.818072940586224817e-01
2.423223277777777795e+01	8.319907940161104243e-01	7.818079617132256409e-01
2.423548999999999864e+01	8.331415420023015050e-01	7.818412736632471827e-01
2.423599000000000103e+01	8.342922899884924748e-01	7.818463867648967058e-01
2.423609361111111227e+01	8.354430379746835555e-01	7.818474462981932493e-01
2.423674055555555640e+01	8.365937859608745253e-01	7.818540618736322667e-01
2.423784694444444199e+01	8.377445339470656060e-01	7.818653752073249086e-01
2.423824749999999995e+01	8.388952819332565758e-01	7.818694709268825260e-01
2.423881944444444514e+01	8.400460299194476566e-01	7.818753189812193138e-01
2.424004194444444238e+01	8.411967779056386263e-01	7.818878183521310588e-01
2.424089000000000027e+01	8.423475258918297071e-01	7.818964888196453522e-01
2.424155805555555432e+01	8.434982738780206768e-01	7.819033187355989289e-01
2.424171999999999727e+01	8.446490218642117576e-01	7.819049743545349873e-01
2.424331888888888997e+01	8.457997698504027273e-01	7.819213197221391853e-01
2.424391194444444508e+01	8.469505178365938081e-01	7.819273821903539590e-01
2.424519833333333452e+01	8.481012658227847778e-01	7.819405316299863351e-01
2.424824833333333274e+01	8.492520138089758586e-01	7.819717054960628744e-01
2.424876555555555413e+01	8.504027617951668283e-01	7.819769915512277958e-01
2.425115638888888725e+01	8.515535097813579091e-01	7.820014244061805897e-01
2.425564444444444590e+01	8.527042577675488788e-01	7.820472821960335885e-01
2.425790916666666774e+01	8.538550057537399596e-01	7.820704188792652056e-01
2.426230138888888987e+01	8.550057537399309293e-01	7.821152833660477421e-01
2.426323361111111154e+01	8.561565017261220101e-01	7.821248043898924029e-01
2.426829277777778060e+01	8.573072497123129798e-01	7.821764676970408559e-01
2.427007111111111115e+01	8.584579976985040606e-01	7.821946248096255383e-01
2.427180749999999776e+01	8.596087456846950303e-01	7.822123522012702779e-01
2.427350111111111275e+01	8.607594936708861111e-01	7.822296414698929334e-01
2.428264361111111214e+01	8.619102416570770808e-01	7.823229491947681913e-01
2.428600555555555474e+01	8.630609896432681616e-01	7.823572509133187580e-01
2.429629611111111132e+01	8.642117376294591313e-01	7.824622112474290958e-01
2.429934861111111033e+01	8.653624856156502121e-01	7.824933360233802260e-01
2.430388611111111175e+01	8.665132336018411818e-01	7.825395943525123021e-01
2.430577861111111204e+01	8.676639815880322626e-01	7.825588848639022377e-01
2.431206472222222459e+01	8.688147295742232323e-01	7.826229477732826734e-01
2.431226472222222412e+01	8.699654775604143131e-01	7.826249857000675547e-01
2.431230833333333408e+01	8.711162255466052828e-01	7.826254300787874874e-01
2.431254611111111075e+01	8.722669735327963636e-01	7.826278529174857113e-01
2.431561694444444655e+01	8.734177215189873333e-01	7.826591407736384065e-01
2.431679111111111169e+01	8.745684695051784141e-01	7.826711028369696121e-01
2.431756111111111096e+01	8.757192174913693838e-01	7.826789470121855441e-01
2.432101972222222130e+01	8.768699654775604646e-01	7.827141772237288242e-01
2.432302138888888621e+01	8.780207134637514343e-01	7.827345640534545401e-01
2.432479166666666615e+01	8.791714614499425151e-01	7.827525926102341103e-01
2.432866999999999891e+01	8.803222094361334849e-01	7.827920844331532901e-01
2.433290722222222158e+01	8.814729574223245656e-01	7.828352225002859210e-01
2.435480888888888984e+01	8.826237054085155354e-01	7.830580611707215200e-01
2.435797138888888824e+01	8.837744533947065051e-01	7.830902191523897438e-01
2.435806722222222120e+01	8.849252013808975859e-01	7.830911935622650866e-01
2.436156055555555611e+01	8.860759493670885556e-01	7.831267099327026138e-01
2.439203000000000188e+01	8.872266973532796364e-01	7.834362432607836491e-01
2.439709361111111008e+01	8.883774453394706061e-01	7.834876407024202738e-01
2.439808055555555555e+01	8.895281933256616869e-01	7.834976571166281101e-01
2.440035583333333236e+01	8.906789413118526566e-01	7.835207469494407384e-01
2.440241444444444241e+01	8.918296892980437374e-01	7.835416358970833661e-01
2.440455611111111267e+01	8.929804372842347071e-01	7.835633654790729041e-01
2.440457083333333443e+01	8.941311852704257879e-01	7.835635148447850362e-01
2.440664611111111171e+01	8.952819332566167576e-01	7.835845687424007888e-01
2.440674277777777945e+01	8.964326812428078384e-01	7.835855493853406406e-01
2.441062083333333277e+01	8.975834292289988081e-01	7.836248869736972544e-01
2.441103277777777691e+01	8.987341772151898889e-01	7.836290651685259290e-01
2.441399888888888725e+01	8.998849252013808586e-01	7.836591469164815305e-01
2.441457805555555538e+01	9.010356731875719394e-01	7.836650202291797207e-01
2.441508083333333090e+01	9.021864211737629091e-01	7.836701187550357828e-01
2.441555555555555657e+01	9.033371691599539899e-01	7.836749326672252103e-01
2.441564500000000137e+01	9.044879171461449596e-01	7.836758396650184144e-01
2.441983916666666588e+01	9.056386651323360404e-01	7.837183657048895080e-01
2.443183388888888885e+01	9.067894131185270101e-01	7.838399380158798113e-01
2.443457388888888815e+01	9.079401611047180909e-01	7.838676996516151796e-01
2.443625444444444383e+01	9.090909090909090606e-01	7.838847252492657791e-01
2.445688249999999897e+01	9.102416570771001414e-01	7.840935974890952398e-01
2.446876722222222256e+01	9.113924050632911111e-01	7.842138462226575513e-01
2.447049805555555579e+01	9.125431530494821919e-01	7.842313530774303043e-01
2.447370527777777838e+01	9.136939010356731616e-01	7.842637894042250313e-01
2.447898666666666756e+01	9.148446490218642424e-01	7.843171922447758071e-01
2.451174777777777791e+01	9.159953970080552121e-01	7.846481614932891979e-01
2.451844083333333302e+01	9.171461449942462929e-01	7.847157156084371143e-01
2.451896194444444532e+01	9.182968929804372626e-01	7.847209743796764725e-01
2.451959611111111315e+01	9.194476409666283434e-01	7.847273738730993209e-01
2.452060638888888988e+01	9.205983889528193131e-01	7.847375683805590807e-01
2.452172361111110988e+01	9.217491369390103939e-01	7.847488414805092738e-01
2.452358000000000260e+01	9.228998849252013637e-01	7.847675716835128545e-01
2.452930694444444626e+01	9.240506329113924444e-01	7.848253439366263962e-01
2.453258916666666423e+01	9.252013808975834142e-01	7.848584473374300430e-01
2.453300277777777794e+01	9.263521288837744949e-01	7.848626185200840988e-01
2.456228944444444551e+01	9.275028768699654647e-01	7.851577630052171131e-01
2.456340333333332993e+01	9.286536248561565454e-01	7.851689805321723226e-01
2.456616416666666680e+01	9.298043728423475152e-01	7.851967812493496623e-01
2.456820166666666694e+01	9.309551208285385959e-01	7.852172959217093018e-01
2.456917111111111041e+01	9.321058688147295657e-01	7.852270561345061628e-01
2.457137166666666417e+01	9.332566168009206464e-01	7.852492093325802447e-01
2.457288722222222077e+01	9.344073647871116162e-01	7.852644652429359162e-01
2.457415388888888685e+01	9.355581127733026969e-01	7.852772149524229750e-01
2.458037861111111155e+01	9.367088607594936667e-01	7.853398592682407919e-01
2.458603166666666695e+01	9.378596087456847474e-01	7.853967346133585714e-01
2.458885388888888812e+01	9.390103567318757172e-01	7.854251233279476718e-01
2.458895333333333610e+01	9.401611047180667979e-01	7.854261235704568245e-01
2.459012055555555420e+01	9.413118527042577677e-01	7.854378634985201835e-01
2.459217333333333144e+01	9.424626006904488484e-01	7.854585087914879304e-01
2.459220333333333386e+01	9.436133486766398182e-01	7.854588104941671034e-01
2.459261500000000211e+01	9.447640966628307879e-01	7.854629504825181296e-01
2.459420277777777741e+01	9.459148446490218687e-01	7.854789174626000126e-01
2.459546027777777866e+01	9.470655926352128384e-01	7.854915622664272457e-01
2.459927111111111131e+01	9.482163406214039192e-01	7.855298775874004491e-01
2.461577388888888862e+01	9.493670886075948889e-01	7.856957227483658546e-01
2.461711277777777696e+01	9.505178365937859697e-01	7.857091723267577432e-01
2.461734638888889037e+01	9.516685845799769394e-01	7.857115189405652345e-01
2.462413666666666856e+01	9.528193325661680202e-01	7.857797157683784617e-01
2.462556888888888906e+01	9.539700805523589899e-01	7.857940972404788837e-01
2.462628861111111078e+01	9.551208285385500707e-01	7.858013238725302108e-01
2.462809250000000105e+01	9.562715765247410404e-01	7.858194354019931716e-01
2.464309222222222218e+01	9.574223245109321212e-01	7.859699773481153562e-01
2.466971444444444117e+01	9.585730724971230909e-01	7.862369058610995110e-01
2.467137777777777785e+01	9.597238204833141717e-01	7.862535722691081919e-01
2.468866749999999755e+01	9.608745684695051414e-01	7.864267363551002976e-01
2.468918999999999997e+01	9.620253164556962222e-01	7.864319672354107560e-01
2.469207222222222242e+01	9.631760644418871919e-01	7.864608195922219158e-01
2.469390833333333646e+01	9.643268124280782727e-01	7.864791978679575024e-01
2.470210277777777819e+01	9.654775604142692425e-01	7.865611996370768244e-01
2.470246194444444399e+01	9.666283084004603232e-01	7.865647930958098444e-01
2.470821027777777701e+01	9.677790563866512930e-01	7.866222968786473757e-01
2.470971972222222135e+01	9.689298043728423737e-01	7.866373941244911849e-01
2.472419805555555428e+01	9.700805523590333435e-01	7.867821500782342659e-01
2.472651305555555723e+01	9.712313003452244242e-01	7.868052865916688177e-01
2.472777777777777786e+01	9.723820483314153940e-01	7.868179253855065447e-01
2.472899750000000196e+01	9.735327963176064747e-01	7.868301137694845293e-01
2.472996805555555255e+01	9.746835443037974445e-01	7.868398117944211956e-01
2.473167805555555532e+01	9.758342922899885252e-01	7.868568974529333016e-01
2.473294222222222416e+01	9.769850402761794950e-01	7.868695276367863034e-01
2.473642472222222111e+01	9.781357882623705757e-01	7.869043171336072007e-01
2.474181749999999980e+01	9.792865362485615455e-01	7.869581787282114993e-01
2.476657888888888692e+01	9.804372842347526262e-01	7.872053140207881938e-01
2.476888833333333650e+01	9.815880322209435960e-01	7.872283492062214227e-01
2.476935833333333292e+01	9.827387802071346767e-01	7.872330368409089507e-01
2.477711222222222531e+01	9.838895281933256465e-01	7.873103568269431696e-01
2.479206138888888944e+01	9.850402761795167272e-01	7.874593471601736283e-01
2.479304944444444558e+01	9.861910241657076970e-01	7.874691909025632874e-01
2.479949138888888882e+01	9.873417721518987777e-01	7.875333591566093805e-01
2.480127861111111187e+01	9.884925201380897475e-01	7.875511582564003188e-01
2.480243722222222402e+01	9.896432681242808282e-01	7.875626961674312421e-01
2.480430916666666974e+01	9.907940161104717980e-01	7.875813364119329529e-01
2.480448138888888820e+01	9.919447640966628787e-01	7.875830512654568016e-01
2.480677444444444646e+01	9.930955120828538485e-01	7.876058823911351592e-01
2.481145194444444257e+01	9.942462600690449293e-01	7.876524469606247525e-01
2.481361000000000061e+01	9.953970080552358990e-01	7.876739269883399341e-01
2.481392805555555725e+01	9.965477560414269798e-01	7.876770925443219440e-01
2.482535500000000184e+01	9.976985040276179495e-01	7.877907917896898038e-01
2.483083111111110952e+01	9.988492520138090303e-01	7.878452580627609558e-01
2.483284305555555704e+01	1.000000000000000000e+00	7.878652656708043933e-01
