7.766666666666666077e-04	0.000000000000000000e+00	1.329505181695722627e-03
8.344444444444444045e-04	1.194743130227001121e-03	1.428169733999506974e-03
8.733333333333333833e-04	2.389486260454002243e-03	1.494559893884583879e-03
9.319444444444444434e-04	3.584229390681003581e-03	1.594590973489018459e-03
9.749999999999999552e-04	4.778972520908004486e-03	1.668051791883451429e-03
1.266111111111111083e-03	5.973715651135005390e-03	2.164259282081082425e-03
1.920000000000000049e-03	7.168458781362007162e-03	3.275774950245113892e-03
2.265555555555555812e-03	8.363201911589008067e-03	3.861465436705180387e-03
3.301388888888888862e-03	9.557945041816008971e-03	5.610100418291685820e-03
5.136944444444443980e-03	1.075268817204300988e-02	8.683103976823036696e-03
5.467777777777778001e-03	1.194743130227001078e-02	9.233504707045203652e-03
5.988888888888888214e-03	1.314217443249701169e-02	1.009833370527934981e-02
6.144722222222221558e-03	1.433691756272401432e-02	1.035644697527404734e-02
7.197777777777777768e-03	1.553166069295101523e-02	1.209458984221556399e-02
8.059166666666667603e-03	1.672640382317801613e-02	1.350853915083671808e-02
8.173333333333332798e-03	1.792114695340501704e-02	1.369541442090260741e-02
8.267777777777778406e-03	1.911589008363201794e-02	1.384991418272207842e-02
8.340277777777778054e-03	2.031063321385901885e-02	1.396845842586302844e-02
8.678888888888888764e-03	2.150537634408601975e-02	1.452146377045937520e-02
8.978888888888888684e-03	2.270011947431302066e-02	1.501051070377446006e-02
9.074166666666667880e-03	2.389486260454002156e-02	1.516565169614692010e-02
9.374166666666666065e-03	2.508960573476702247e-02	1.565358684395534716e-02
9.418333333333332377e-03	2.628434886499402337e-02	1.572535061434487957e-02
9.589166666666667713e-03	2.747909199522102427e-02	1.600275580765486705e-02
9.889166666666665897e-03	2.867383512544802865e-02	1.648924705112864153e-02
1.008583333333333207e-02	2.986857825567502955e-02	1.680771385014800945e-02
1.011388888888888754e-02	3.106332138590203046e-02	1.685311550053714136e-02
1.027222222222222078e-02	3.225806451612903136e-02	1.710920538591309548e-02
1.038583333333333372e-02	3.345280764635603227e-02	1.729281752270039885e-02
1.042249999999999947e-02	3.464755077658303317e-02	1.735205061744249377e-02
1.052611111111111108e-02	3.584229390681003408e-02	1.751936152438404726e-02
1.059805555555555501e-02	3.703703703703703498e-02	1.763547860172764992e-02
1.066055555555555506e-02	3.823178016726403589e-02	1.773631355119287267e-02
1.067527777777777659e-02	3.942652329749103679e-02	1.776006051442013955e-02
1.075722222222222184e-02	4.062126642771803769e-02	1.789220030725102717e-02
1.078499999999999945e-02	4.181600955794503860e-02	1.793697934034854669e-02
1.090888888888888811e-02	4.301075268817203950e-02	1.813660684455764560e-02
1.105638888888888817e-02	4.420549581839904041e-02	1.837409476906981531e-02
1.122583333333333246e-02	4.540023894862604131e-02	1.864666698769723574e-02
1.124472222222222192e-02	4.659498207885304222e-02	1.867703566052414388e-02
1.127611111111111175e-02	4.778972520908004312e-02	1.872749396547990219e-02
1.146166666666666688e-02	4.898446833930704403e-02	1.902559277026616424e-02
1.155166666666666668e-02	5.017921146953404493e-02	1.917006530085962890e-02
1.158000000000000002e-02	5.137395459976104584e-02	1.921553195024827687e-02
1.177361111111110969e-02	5.256869772998804674e-02	1.952602293224070529e-02
1.194111111111111068e-02	5.376344086021504765e-02	1.979436179500737580e-02
1.201444444444444565e-02	5.495818399044204855e-02	1.991176235063873978e-02
1.213527777777777782e-02	5.615292712066904945e-02	2.010509875475474661e-02
1.280638888888888972e-02	5.734767025089605730e-02	2.117645891299124727e-02
1.317888888888888929e-02	5.854241338112305820e-02	2.176934102900318635e-02
1.357388888888888881e-02	5.973715651135005911e-02	2.239665444649774351e-02
1.368638888888888856e-02	6.093189964157706001e-02	2.257506023076283341e-02
1.368861111111111147e-02	6.212664277180406092e-02	2.257858313858995825e-02
1.391583333333333387e-02	6.332138590203105488e-02	2.293856403575311731e-02
1.394388888888888935e-02	6.451612903225806273e-02	2.298297909526703098e-02
1.409249999999999912e-02	6.571087216248505669e-02	2.321812810467382970e-02
1.451694444444444516e-02	6.690561529271206453e-02	2.388863145489483752e-02
1.461472222222222166e-02	6.810035842293905850e-02	2.404286243591136074e-02
1.564916666666666886e-02	6.929510155316606634e-02	2.566928757042430398e-02
1.565499999999999878e-02	7.048984468339306031e-02	2.567843191554808335e-02
1.586222222222222200e-02	7.168458781362006815e-02	2.600307638545285016e-02
1.757361111111111276e-02	7.287933094384706212e-02	2.866959849801420379e-02
1.847083333333333563e-02	7.407407407407406996e-02	3.005720809871326171e-02
2.065222222222222112e-02	7.526881720430106393e-02	3.340147284034022945e-02
2.066194444444444459e-02	7.646356033452807177e-02	3.341628532000495699e-02
2.078249999999999889e-02	7.765830346475507961e-02	3.359989218974590575e-02
2.378250000000000156e-02	7.885304659498207358e-02	3.812874072363825473e-02
2.518777777777777768e-02	8.004778972520908142e-02	4.022388142275679090e-02
2.606250000000000233e-02	8.124253285543607539e-02	4.151964488779158469e-02
2.653583333333333141e-02	8.243727598566308323e-02	4.221815354289892852e-02
2.828638888888888869e-02	8.363201911589007720e-02	4.478537130899029606e-02
2.862555555555555686e-02	8.482676224611708504e-02	4.527984760014736043e-02
2.873194444444444537e-02	8.602150537634407901e-02	4.543475947606057108e-02
2.984999999999999806e-02	8.721624850657108685e-02	4.705716347014798906e-02
2.986833333333333354e-02	8.841099163679808082e-02	4.708368209004010208e-02
3.040444444444444574e-02	8.960573476702508866e-02	4.785794589732084159e-02
3.041416666666666574e-02	9.080047789725208263e-02	4.787196546674077346e-02
3.083388888888888638e-02	9.199522102747909047e-02	4.847648217774014334e-02
3.118361111111110986e-02	9.318996415770608444e-02	4.897909431800318014e-02
3.279750000000000026e-02	9.438470728793309228e-02	5.128582526371472383e-02
3.361611111111111050e-02	9.557945041816008624e-02	5.244792952746912817e-02
3.399361111111110639e-02	9.677419354838709409e-02	5.298204213283830288e-02
3.453055555555555739e-02	9.796893667861408805e-02	5.373981061679156124e-02
3.488694444444444265e-02	9.916367980884109590e-02	5.424151584296332818e-02
3.489055555555555660e-02	1.003584229390680899e-01	5.424659426889610891e-02
3.577611111111111269e-02	1.015531660692950977e-01	5.548889821050451143e-02
3.697305555555555762e-02	1.027479091995220917e-01	5.715832300469847471e-02
3.719305555555555559e-02	1.039426523297490995e-01	5.746395725013353495e-02
3.810305555555555668e-02	1.051373954599760935e-01	5.872420667251765369e-02
3.811805555555555086e-02	1.063321385902031013e-01	5.874492665240516054e-02
3.984750000000000097e-02	1.075268817204300953e-01	6.112232964136055102e-02
4.223472222222222211e-02	1.087216248506571031e-01	6.436673007731286145e-02
4.232999999999999957e-02	1.099163679808840971e-01	6.449533165113496835e-02
4.355333333333333279e-02	1.111111111111111049e-01	6.614052789648039443e-02
4.601805555555555510e-02	1.123058542413380989e-01	6.942165849965797886e-02
4.619055555555555415e-02	1.135005973715651068e-01	6.964963259724554767e-02
4.715083333333332932e-02	1.146953405017921146e-01	7.091477708791005252e-02
4.872499999999999748e-02	1.158900836320191086e-01	7.297431294970180282e-02
4.927833333333332677e-02	1.170848267622461164e-01	7.369403968807552996e-02
4.952916666666666579e-02	1.182795698924731104e-01	7.401958239708639198e-02
5.005194444444444751e-02	1.194743130227001182e-01	7.469662948627686649e-02
5.129666666666667096e-02	1.206690561529271122e-01	7.630087962356202347e-02
5.274611111111111167e-02	1.218637992831541200e-01	7.815526577124698449e-02
5.464638888888889018e-02	1.230585424133811140e-01	8.056430099811962009e-02
5.758833333333333859e-02	1.242532855436081218e-01	8.424502437602299221e-02
5.877083333333332771e-02	1.254480286738351158e-01	8.570796394602475665e-02
5.962805555555555914e-02	1.266427718040621098e-01	8.676262906135912001e-02
6.050666666666666693e-02	1.278375149342891315e-01	8.783853548778275400e-02
6.134027777777777135e-02	1.290322580645161255e-01	8.885461483194934118e-02
6.205416666666666720e-02	1.302270011947431194e-01	8.972113041377061116e-02
6.349111111111110928e-02	1.314217443249701134e-01	9.145518266408037000e-02
6.480388888888889698e-02	1.326164874551971351e-01	9.302768069061650991e-02
6.482361111111110963e-02	1.338112305854241291e-01	9.305121998965659724e-02
7.247361111111109977e-02	1.350059737156511230e-01	1.019961779135384328e-01
7.549861111111111356e-02	1.362007168458781170e-01	1.054333898262379554e-01
7.558277777777777651e-02	1.373954599761051387e-01	1.055282351503896709e-01
7.565111111111111342e-02	1.385902031063321327e-01	1.056052070154629430e-01
7.639222222222222247e-02	1.397849462365591267e-01	1.064382109379985453e-01
7.720888888888888246e-02	1.409796893667861206e-01	1.073523418748423275e-01
7.782250000000000278e-02	1.421744324970131423e-01	1.080365765377293563e-01
7.820249999999999424e-02	1.433691756272401363e-01	1.084591952636220213e-01
8.230694444444444646e-02	1.445639187574671303e-01	1.129700882894553171e-01
8.233250000000000290e-02	1.457586618876941242e-01	1.129978684885768470e-01
8.289055555555555066e-02	1.469534050179211460e-01	1.136035684970867488e-01
8.495638888888890072e-02	1.481481481481481399e-01	1.158302995928103263e-01
8.867694444444444712e-02	1.493428912783751339e-01	1.197799881201032646e-01
8.899361111111112055e-02	1.505376344086021279e-01	1.201126017517689659e-01
9.166138888888888947e-02	1.517323775388291496e-01	1.228928951336155651e-01
9.504499999999999060e-02	1.529271206690561435e-01	1.263638135574403076e-01
9.530694444444444413e-02	1.541218637992831375e-01	1.266299671872912480e-01
9.607611111111111213e-02	1.553166069295101592e-01	1.274093953877988294e-01
9.666833333333332834e-02	1.565113500597371532e-01	1.280073927174775195e-01
9.738694444444444265e-02	1.577060931899641472e-01	1.287305384812901243e-01
9.830555555555554881e-02	1.589008363201911411e-01	1.296510162425107415e-01
9.882361111111111207e-02	1.600955794504181628e-01	1.301681883180815236e-01
1.014224999999999988e-01	1.612903225806451568e-01	1.327417474299373845e-01
1.036744444444444441e-01	1.624850657108721508e-01	1.349438739373526319e-01
1.134300000000000030e-01	1.636798088410991447e-01	1.441935930805835486e-01
1.155622222222222190e-01	1.648745519713261665e-01	1.461542948928625796e-01
1.167030555555555460e-01	1.660692951015531604e-01	1.471946134677381002e-01
1.179988888888888893e-01	1.672640382317801544e-01	1.483689501676440647e-01
1.188397222222222216e-01	1.684587813620071484e-01	1.491268070359360598e-01
1.212163888888888874e-01	1.696535244922341701e-01	1.512514730364309390e-01
1.216288888888888836e-01	1.708482676224611641e-01	1.516176270625225753e-01
1.224213888888888851e-01	1.720430107526881580e-01	1.523189374499401838e-01
1.276694444444444465e-01	1.732377538829151520e-01	1.568926974649554884e-01
1.335244444444444456e-01	1.744324970131421737e-01	1.618544056502201345e-01
1.373052777777777622e-01	1.756272401433691677e-01	1.649816956779440735e-01
1.377322222222222281e-01	1.768219832735961616e-01	1.653311326442694629e-01
1.391052777777777860e-01	1.780167264038231556e-01	1.664498799286626696e-01
1.399533333333333185e-01	1.792114695340501773e-01	1.671370402750428363e-01
1.449888888888888894e-01	1.804062126642771713e-01	1.711579468402020243e-01
1.467241666666666555e-01	1.816009557945041653e-01	1.725204092102691211e-01
1.473527777777777770e-01	1.827956989247311592e-01	1.730110795515792388e-01
1.475427777777777727e-01	1.839904420549581809e-01	1.731590857886733392e-01
1.497344444444444478e-01	1.851851851851851749e-01	1.748563198201698032e-01
1.542666666666666631e-01	1.863799283154121689e-01	1.783083118784390964e-01
1.623391666666666733e-01	1.875746714456391628e-01	1.842693378153005268e-01
1.650452777777777769e-01	1.887694145758661846e-01	1.862154723569142689e-01
1.651650000000000063e-01	1.899641577060931785e-01	1.863009798506397585e-01
1.656797222222222143e-01	1.911589008363201725e-01	1.866680345256820361e-01
1.676972222222222197e-01	1.923536439665471942e-01	1.880978972442710617e-01
1.695286111111111160e-01	1.935483870967741882e-01	1.893837608667024996e-01
1.793008333333333260e-01	1.947431302270011821e-01	1.960554810915099422e-01
1.816016666666666612e-01	1.959378733572281761e-01	1.975810824859856041e-01
1.818375000000000130e-01	1.971326164874551978e-01	1.977365038080574067e-01
1.892250000000000043e-01	1.983273596176821918e-01	2.025171849311807604e-01
1.930191666666666861e-01	1.995221027479091858e-01	2.049076959123591335e-01
1.954177777777777736e-01	2.007168458781361797e-01	2.063968195583127940e-01
1.954716666666666547e-01	2.019115890083632014e-01	2.064300807540870863e-01
1.994280555555555667e-01	2.031063321385901954e-01	2.088489627340608390e-01
2.072038888888888819e-01	2.043010752688171894e-01	2.134732085681868563e-01
2.092208333333333559e-01	2.054958183990441833e-01	2.146452827169931243e-01
2.137269444444444555e-01	2.066905615292712051e-01	2.172241477930121345e-01
2.182061111111111285e-01	2.078853046594981990e-01	2.197343259198372145e-01
2.284822222222221977e-01	2.090800477897251930e-01	2.252994453206456082e-01
2.297502777777777894e-01	2.102747909199521870e-01	2.259680078834132022e-01
2.372308333333333075e-01	2.114695340501792087e-01	2.298335686911866516e-01
2.444905555555555721e-01	2.126642771804062026e-01	2.334603894273040714e-01
2.509388888888888780e-01	2.138590203106331966e-01	2.365827586102643432e-01
2.539969444444444280e-01	2.150537634408601906e-01	2.380318831822659797e-01
2.636027777777777970e-01	2.162485065710872123e-01	2.424558860673331484e-01
2.671505555555555578e-01	2.174432497013142063e-01	2.440421421888112619e-01
2.731991666666666596e-01	2.186379928315412002e-01	2.466892155655029395e-01
2.733761111111110975e-01	2.198327359617681942e-01	2.467655827407689850e-01
2.768186111111111125e-01	2.210274790919952159e-01	2.482394310837247042e-01
2.780986111111111159e-01	2.222222222222222099e-01	2.487817200467925538e-01
2.787161111111111089e-01	2.234169653524492039e-01	2.490422333802776445e-01
2.829336111111110941e-01	2.246117084826761978e-01	2.508026098853141095e-01
2.854866666666666664e-01	2.258064516129032195e-01	2.518524178322005813e-01
2.878288888888888564e-01	2.270011947431302135e-01	2.528051948660763326e-01
2.923594444444443941e-01	2.281959378733572075e-01	2.546205320844701081e-01
2.975927777777778171e-01	2.293906810035842292e-01	2.566730797823448817e-01
2.996922222222222487e-01	2.305854241338112232e-01	2.574833946663680484e-01
3.034972222222221960e-01	2.317801672640382171e-01	2.589332403981025044e-01
3.053472222222222143e-01	2.329749103942652111e-01	2.596295402020972753e-01
3.081405555555555842e-01	2.341696535244922328e-01	2.606703584145928509e-01
3.191111111111111232e-01	2.353643966547192268e-01	2.646386784347639631e-01
3.301502777777777786e-01	2.365591397849462207e-01	2.684475981092281360e-01
3.301525000000000154e-01	2.377538829151732147e-01	2.684483469376761633e-01
3.342566666666667019e-01	2.389486260454002364e-01	2.698193417111555137e-01
3.488972222222221919e-01	2.401433691756272304e-01	2.745206552503309805e-01
3.530699999999999950e-01	2.413381123058542244e-01	2.758084684509055640e-01
3.532491666666666141e-01	2.425328554360812183e-01	2.758632617505764051e-01
3.579555555555555824e-01	2.437275985663082400e-01	2.772880138759148405e-01
3.679786111111110758e-01	2.449223416965352340e-01	2.802309855321543086e-01
3.751569444444444734e-01	2.461170848267622280e-01	2.822650521262086709e-01
3.755019444444444576e-01	2.473118279569892219e-01	2.823613083178633243e-01
3.967227777777777575e-01	2.485065710872162437e-01	2.880289769829539326e-01
3.971255555555555650e-01	2.497013142174432376e-01	2.881319051479156457e-01
3.981097222222221843e-01	2.508960573476702316e-01	2.883827031486705383e-01
4.115588888888889185e-01	2.520908004778972256e-01	2.917125639468709508e-01
4.142163888888888978e-01	2.532855436081242195e-01	2.923496313160148796e-01
4.180749999999999744e-01	2.544802867383512135e-01	2.932627474489780672e-01
4.218933333333333424e-01	2.556750298685782630e-01	2.941527017612177719e-01
4.225688888888888828e-01	2.568697729988052569e-01	2.943087633576080275e-01
4.298988888888888860e-01	2.580645161290322509e-01	2.959756641915440856e-01
4.383313888888888954e-01	2.592592592592592449e-01	2.978349863347303783e-01
4.404000000000000137e-01	2.604540023894862388e-01	2.982818442780144075e-01
4.479491666666666760e-01	2.616487455197132328e-01	2.998825271940189774e-01
4.588327777777777561e-01	2.628434886499402268e-01	3.021097717604025457e-01
4.623747222222222009e-01	2.640382317801672207e-01	3.028148115549744723e-01
4.882372222222222113e-01	2.652329749103942702e-01	3.076862670077867845e-01
4.948933333333333517e-01	2.664277180406212642e-01	3.088655998720283291e-01
4.950416666666667131e-01	2.676224611708482581e-01	3.088915520508394019e-01
4.955427777777777765e-01	2.688172043010752521e-01	3.089791206342408225e-01
5.000249999999999417e-01	2.700119474313022461e-01	3.097552295817229684e-01
5.003177777777777502e-01	2.712066905615292400e-01	3.098054807277668132e-01
5.026688888888888318e-01	2.724014336917562340e-01	3.102070625434245610e-01
5.064044444444444348e-01	2.735961768219832835e-01	3.108380410462128207e-01
5.122688888888888847e-01	2.747909199522102774e-01	3.118114194717829246e-01
5.155141666666667177e-01	2.759856630824372714e-01	3.123412181188051084e-01
5.281130555555555439e-01	2.771804062126642654e-01	3.143402103957708693e-01
5.350472222222222296e-01	2.783751493428912593e-01	3.154025419845249978e-01
5.352188888888889107e-01	2.795698924731182533e-01	3.154285108780527924e-01
5.389874999999999527e-01	2.807646356033452473e-01	3.159946468530887564e-01
5.470724999999999616e-01	2.819593787335722412e-01	3.171841085563449347e-01
5.531755555555555315e-01	2.831541218637992907e-01	3.180599226853507711e-01
5.886333333333333417e-01	2.843488649940262847e-01	3.227998120422520545e-01
5.946375000000000410e-01	2.855436081242532786e-01	3.235476626437309156e-01
5.965941666666666476e-01	2.867383512544802726e-01	3.237881691844844978e-01
5.970869444444444341e-01	2.879330943847072666e-01	3.238484943573950448e-01
6.114247222222222167e-01	2.891278375149342605e-01	3.255615599752053058e-01
6.149963888888888563e-01	2.903225806451612545e-01	3.259759667066105537e-01
6.178138888888888847e-01	2.915173237753882485e-01	3.262995063719107414e-01
6.196080555555555369e-01	2.927120669056152980e-01	3.265040070825603324e-01
6.386830555555556010e-01	2.939068100358422919e-01	3.286072523370284770e-01
6.519163888888888092e-01	2.951015531660692859e-01	3.299939592318920090e-01
6.644302777777777447e-01	2.962962962962962798e-01	3.312542292560300972e-01
6.723750000000000560e-01	2.974910394265232738e-01	3.320298473446827714e-01
6.765808333333332980e-01	2.986857825567502678e-01	3.324330261231637218e-01
6.780888888888888522e-01	2.998805256869772617e-01	3.325763644457964130e-01
6.841602777777777700e-01	3.010752688172042557e-01	3.331470029363918783e-01
6.872916666666666341e-01	3.022700119474313052e-01	3.334373482337427141e-01
6.925522222222222357e-01	3.034647550776582992e-01	3.339191614799705832e-01
6.949244444444444557e-01	3.046594982078852931e-01	3.341340307514779617e-01
7.040091666666666859e-01	3.058542413381122871e-01	3.349434270578401929e-01
7.117058333333333708e-01	3.070489844683392811e-01	3.356129009968205068e-01
7.126677777777776779e-01	3.082437275985662750e-01	3.356955520355484612e-01
7.280613888888889385e-01	3.094384707287932690e-01	3.369883853345163605e-01
7.329030555555555715e-01	3.106332138590203185e-01	3.373837719841752403e-01
7.364977777777776957e-01	3.118279569892473124e-01	3.376739693382843077e-01
7.432347222222221994e-01	3.130227001194743064e-01	3.382102925749709277e-01
7.522561111111110144e-01	3.142174432497013004e-01	3.389135040221333828e-01
7.546680555555554948e-01	3.154121863799282943e-01	3.390986849253659896e-01
7.624849999999999683e-01	3.166069295101552883e-01	3.396908690037568901e-01
7.699427777777777537e-01	3.178016726403822823e-01	3.402447715314294019e-01
7.806797222222222610e-01	3.189964157706092762e-01	3.410239403055611573e-01
7.879502777777778189e-01	3.201911589008363257e-01	3.415397490466598462e-01
8.159827777777778346e-01	3.213859020310633197e-01	3.434449914697589312e-01
8.230052777777777662e-01	3.225806451612903136e-01	3.439027384800436016e-01
8.256205555555555797e-01	3.237753882915173076e-01	3.440713161774991979e-01
8.376352777777777980e-01	3.249701314217443016e-01	3.448329702318868595e-01
8.546488888888889024e-01	3.261648745519712955e-01	3.458771503272050074e-01
8.552508333333332935e-01	3.273596176821982895e-01	3.459133866026538051e-01
8.596036111111110545e-01	3.285543608124252835e-01	3.461740251437942506e-01
8.815361111111111869e-01	3.297491039426523329e-01	3.474514766949928779e-01
8.972736111111111468e-01	3.309438470728793269e-01	3.483333968052866325e-01
9.009174999999999267e-01	3.321385902031063209e-01	3.485337027397739096e-01
9.019288888888888911e-01	3.333333333333333148e-01	3.485890469704887584e-01
9.166002777777777499e-01	3.345280764635603088e-01	3.493798902159811481e-01
9.191424999999999734e-01	3.357228195937873028e-01	3.495147037043392357e-01
9.303686111111111323e-01	3.369175627240142967e-01	3.501024864601856024e-01
9.502019444444443907e-01	3.381123058542412907e-01	3.511122932736231439e-01
9.644838888888888073e-01	3.393070489844683402e-01	3.518182151526888513e-01
9.690138888888888413e-01	3.405017921146953341e-01	3.520386068332747032e-01
9.699066666666666947e-01	3.416965352449223281e-01	3.520818477108218492e-01
9.814933333333334398e-01	3.428912783751493221e-01	3.526373756252321190e-01
9.929133333333333145e-01	3.440860215053763160e-01	3.531749658758274180e-01
1.003219166666666551e+00	3.452807646356033100e-01	3.536520208131934684e-01
1.021501666666666752e+00	3.464755077658303040e-01	3.544804710651956459e-01
1.029948055555555575e+00	3.476702508960573534e-01	3.548558942594234322e-01
1.033484999999999987e+00	3.488649940262843474e-01	3.550117877832457136e-01
1.041424166666666595e+00	3.500597371565113414e-01	3.553589622420537664e-01
1.044755277777777769e+00	3.512544802867383353e-01	3.555035195251136093e-01
1.052280000000000104e+00	3.524492234169653293e-01	3.558277109350829193e-01
1.065393055555555524e+00	3.536439665471923233e-01	3.563851308122121253e-01
1.083529722222222214e+00	3.548387096774193172e-01	3.571411449838224339e-01
1.083725277777777718e+00	3.560334528076463112e-01	3.571492060785653733e-01
1.108118333333333316e+00	3.572281959378733607e-01	3.581404568569733771e-01
1.122384444444444407e+00	3.584229390681003546e-01	3.587077506080124101e-01
1.152913055555555566e+00	3.596176821983273486e-01	3.598937129473922525e-01
1.165607777777777798e+00	3.608124253285543426e-01	3.603764914193772206e-01
1.167367500000000113e+00	3.620071684587813365e-01	3.604429614127966364e-01
1.171948055555555479e+00	3.632019115890083305e-01	3.606154800515469772e-01
1.175630277777777843e+00	3.643966547192353245e-01	3.607536450806885231e-01
1.184833333333333183e+00	3.655913978494623184e-01	3.610969871497045069e-01
1.188655555555555576e+00	3.667861409796893679e-01	3.612387732282377195e-01
1.201149444444444381e+00	3.679808841099163619e-01	3.616990292657931150e-01
1.210001388888888973e+00	3.691756272401433558e-01	3.620222490977638152e-01
1.344794999999999963e+00	3.703703703703703498e-01	3.667038201941958953e-01
1.381400555555555743e+00	3.715651135005973438e-01	3.679138382804033602e-01
1.398626666666666463e+00	3.727598566308243377e-01	3.684762546261580729e-01
1.417713611111111272e+00	3.739545997610513317e-01	3.690946641592470767e-01
1.418058888888888758e+00	3.751493428912783257e-01	3.691058070591231033e-01
1.435089999999999977e+00	3.763440860215053752e-01	3.696535886450784680e-01
1.438191388888888866e+00	3.775388291517323691e-01	3.697529598653578331e-01
1.443251666666666599e+00	3.787335722819593631e-01	3.699148517951058590e-01
1.454343055555555653e+00	3.799283154121863570e-01	3.702686629268081564e-01
1.469874722222222152e+00	3.811230585424133510e-01	3.707618268835654041e-01
1.489383333333333281e+00	3.823178016726403450e-01	3.713776916539439643e-01
1.504305277777777672e+00	3.835125448028673389e-01	3.718462336903385346e-01
1.506065833333333437e+00	3.847072879330943884e-01	3.719013761464372569e-01
1.510195277777777845e+00	3.859020310633213824e-01	3.720306031549587278e-01
1.510874166666666740e+00	3.870967741935483764e-01	3.720518334807174643e-01
1.578191666666666659e+00	3.882915173237753703e-01	3.741378642506839602e-01
1.580300555555555597e+00	3.894862604540023643e-01	3.742026510070393108e-01
1.589833055555555541e+00	3.906810035842293582e-01	3.744951081646998858e-01
1.601669444444444590e+00	3.918757467144563522e-01	3.748573857060453207e-01
1.603718888888888916e+00	3.930704898446833462e-01	3.749200187210923740e-01
1.621105277777777909e+00	3.942652329749103957e-01	3.754502799392487322e-01
1.632510833333333355e+00	3.954599761051373896e-01	3.757971162538782384e-01
1.640866666666666696e+00	3.966547192353643836e-01	3.760507212486766671e-01
1.641809166666666542e+00	3.978494623655913776e-01	3.760793012638133925e-01
1.660889166666666750e+00	3.990442054958183715e-01	3.766567990692271106e-01
1.702736388888888897e+00	4.002389486260453655e-01	3.779166629707267910e-01
1.742403611111111195e+00	4.014336917562723595e-01	3.791031969250019396e-01
1.753788055555555392e+00	4.026284348864993534e-01	3.794424709103931814e-01
1.760650000000000048e+00	4.038231780167264029e-01	3.796467109706924692e-01
1.778243888888888957e+00	4.050179211469533969e-01	3.801695264043730704e-01
1.785006944444444299e+00	4.062126642771803908e-01	3.803701787603372964e-01
1.795910833333333567e+00	4.074074074074073848e-01	3.806933263133850387e-01
1.815776944444444263e+00	4.086021505376343788e-01	3.812809774541678909e-01
1.842997777777777957e+00	4.097968936678613727e-01	3.820839912269845540e-01
1.958209722222222338e+00	4.109916367980883667e-01	3.854580587502178801e-01
1.960328611111111119e+00	4.121863799283153607e-01	3.855197767831939348e-01
1.973730277777777875e+00	4.133811230585424101e-01	3.859098787185385460e-01
2.109960277777777726e+00	4.145758661887694041e-01	3.898523905818789270e-01
2.143041388888888843e+00	4.157706093189963981e-01	3.908040423024629062e-01
2.190738611111111123e+00	4.169653524492233920e-01	3.921725985094834943e-01
2.219391111111111314e+00	4.181600955794503860e-01	3.929927732118891903e-01
2.224598888888888570e+00	4.193548387096773800e-01	3.931416933413521830e-01
2.227233055555555286e+00	4.205495818399043739e-01	3.932170016315507111e-01
2.234025277777777596e+00	4.217443249701314234e-01	3.934111304610985460e-01
2.348428888888888455e+00	4.229390681003584174e-01	3.966695566238617188e-01
2.355573611111111187e+00	4.241338112305854113e-01	3.968723636281125122e-01
2.364473888888888986e+00	4.253285543608124053e-01	3.971248932932787135e-01
2.365075277777778151e+00	4.265232974910393993e-01	3.971419522630569299e-01
2.367709722222222091e+00	4.277180406212663932e-01	3.972166742786024107e-01
2.427621944444444679e+00	4.289127837514933872e-01	3.989131631941756906e-01
2.430782499999999846e+00	4.301075268817203812e-01	3.990025094370925896e-01
2.432985555555555290e+00	4.313022700119474306e-01	3.990647792373427372e-01
2.468270555555555301e+00	4.324970131421744246e-01	4.000611461867303875e-01
2.470841666666666825e+00	4.336917562724014186e-01	4.001336774383397188e-01
2.536341666666666494e+00	4.348864994026284125e-01	4.019782310282076221e-01
2.584725833333333611e+00	4.360812425328554065e-01	4.033368752968574666e-01
2.609483333333333377e+00	4.372759856630824005e-01	4.040308089633953825e-01
2.635677222222222227e+00	4.384707287933093944e-01	4.047640792663856901e-01
2.641268333333333551e+00	4.396654719235363884e-01	4.049204740456466833e-01
2.649954722222222170e+00	4.408602150537634379e-01	4.051633648577513958e-01
2.651339722222222139e+00	4.420549581839904318e-01	4.052020829766967980e-01
2.687321388888888940e+00	4.432497013142174258e-01	4.062070426267757606e-01
2.699910000000000032e+00	4.444444444444444198e-01	4.065582230155915244e-01
2.739896666666666647e+00	4.456391875746714137e-01	4.076722939550080360e-01
2.744834166666666686e+00	4.468339307048984077e-01	4.078097082176520560e-01
2.751508888888889004e+00	4.480286738351254017e-01	4.079954184946974483e-01
2.753775555555555865e+00	4.492234169653523956e-01	4.080584701567020467e-01
2.789631944444444400e+00	4.504181600955794451e-01	4.090549671356109585e-01
2.797000277777777377e+00	4.516129032258064391e-01	4.092595298304502194e-01
2.831627500000000186e+00	4.528076463560334330e-01	4.102198955726960028e-01
2.861539722222222082e+00	4.540023894862604270e-01	4.110482108308906035e-01
2.867723333333333180e+00	4.551971326164874210e-01	4.112192966462475674e-01
2.875617222222222047e+00	4.563918757467144149e-01	4.114376283044668403e-01
2.921714166666666834e+00	4.575866188769414089e-01	4.127109503353305620e-01
2.979945277777777957e+00	4.587813620071684584e-01	4.143154596769142994e-01
2.984963333333333413e+00	4.599761051373954523e-01	4.144535202444197264e-01
2.988395555555555472e+00	4.611708482676224463e-01	4.145479312142184014e-01
3.015693333333333115e+00	4.623655913978494403e-01	4.152982705241913264e-01
3.036401666666666888e+00	4.635603345280764342e-01	4.158668368941605964e-01
3.051936388888888629e+00	4.647550776583034282e-01	4.162929908995743888e-01
3.057860000000000245e+00	4.659498207885304222e-01	4.164554069420920435e-01
3.064202777777777609e+00	4.671445639187574161e-01	4.166292653773436827e-01
3.071559166666666396e+00	4.683393070489844656e-01	4.168308419866229020e-01
3.078121944444444313e+00	4.695340501792114596e-01	4.170106131828688056e-01
3.115491666666666770e+00	4.707287933094384536e-01	4.180332020848548380e-01
3.262149722222221992e+00	4.719235364396654475e-01	4.220289733640276708e-01
3.280636944444444314e+00	4.731182795698924415e-01	4.225307080259053105e-01
3.310624166666666479e+00	4.743130227001194354e-01	4.233436185241818972e-01
3.336575555555555628e+00	4.755077658303464294e-01	4.240461971306770383e-01
3.392464722222221951e+00	4.767025089605734234e-01	4.255563651553702087e-01
3.441215833333333585e+00	4.778972520908004729e-01	4.268704174511929184e-01
3.448638611111111363e+00	4.790919952210274668e-01	4.270702289778127714e-01
3.501595277777777682e+00	4.802867383512544608e-01	4.284937308627242425e-01
3.522305000000000241e+00	4.814814814814814548e-01	4.290494549080297038e-01
3.551094166666666663e+00	4.826762246117084487e-01	4.298210839269894779e-01
3.556251944444444479e+00	4.838709677419354427e-01	4.299592162837683196e-01
3.625130555555555301e+00	4.850657108721624367e-01	4.318006728715511056e-01
3.634924166666666956e+00	4.862604540023894306e-01	4.320620193432528344e-01
3.778121111111111485e+00	4.874551971326164801e-01	4.358695802565946131e-01
3.804773611111111009e+00	4.886499402628434741e-01	4.365754375870386506e-01
3.861030555555555299e+00	4.898446833930704680e-01	4.380624315942367453e-01
3.981980277777778188e+00	4.910394265232974620e-01	4.412461185645084605e-01
4.047607777777778360e+00	4.922341696535244560e-01	4.429660352442854609e-01
4.059638888888889241e+00	4.934289127837514499e-01	4.432807628618861129e-01
4.375784166666666586e+00	4.946236559139784439e-01	4.514875270770850602e-01
4.376401944444444858e+00	4.958183990442054379e-01	4.515034448471565431e-01
4.421409166666666835e+00	4.970131421744324873e-01	4.526618669144069074e-01
4.605000000000000426e+00	4.982078853046594813e-01	4.573619441416605369e-01
4.617990555555555154e+00	4.994026284348864753e-01	4.576929800584685903e-01
4.664487777777777566e+00	5.005973715651135247e-01	4.588762059525884895e-01
4.665206944444443948e+00	5.017921146953404632e-01	4.588944864699232573e-01
4.805988055555555860e+00	5.029868578255675127e-01	4.624611383288378397e-01
4.888755555555555965e+00	5.041816009557944511e-01	4.645470471375295896e-01
4.922063055555555344e+00	5.053763440860215006e-01	4.653841778081253544e-01
5.013968055555555914e+00	5.065710872162484391e-01	4.676872810610586129e-01
5.287422222222222246e+00	5.077658303464754885e-01	4.744814225955066300e-01
5.799809722222222241e+00	5.089605734767024270e-01	4.869794087954951722e-01
5.803852499999999637e+00	5.101553166069294765e-01	4.870768276511419081e-01
5.901548888888888733e+00	5.113500597371565259e-01	4.894254016552731512e-01
6.610309166666667124e+00	5.125448028673834644e-01	5.061447165595478470e-01
6.634814444444444348e+00	5.137395459976105139e-01	5.067128874577400133e-01
6.741966944444444110e+00	5.149342891278374523e-01	5.091896200281975648e-01
6.969716111111110557e+00	5.161290322580645018e-01	5.144126080863370420e-01
7.134334444444443868e+00	5.173237753882914403e-01	5.181531720046106404e-01
7.436001111111110617e+00	5.185185185185184897e-01	5.249332140825175852e-01
7.571264166666666462e+00	5.197132616487455392e-01	5.279422296072173726e-01
7.790651666666667197e+00	5.209080047789724777e-01	5.327821773416216988e-01
7.799578888888889061e+00	5.221027479091995271e-01	5.329780682508549194e-01
7.922010833333334112e+00	5.232974910394264656e-01	5.356563319930256473e-01
7.987561666666667115e+00	5.244922341696535151e-01	5.370839724809114424e-01
8.063095000000000567e+00	5.256869772998804535e-01	5.387235811609161207e-01
8.406832222222222484e+00	5.268817204301075030e-01	5.461120733386112258e-01
8.721973333333332690e+00	5.280764635603344415e-01	5.527818706753768740e-01
8.827116666666666944e+00	5.292712066905614909e-01	5.549852976275262417e-01
8.833543611111110749e+00	5.304659498207885404e-01	5.551196306984726991e-01
9.088001666666666978e+00	5.316606929510154789e-01	5.604057384670058095e-01
9.807664722222222409e+00	5.328554360812425283e-01	5.750184406766246648e-01
1.039518583333333446e+01	5.340501792114694668e-01	5.865871230500068201e-01
1.045595277777777810e+01	5.352449223416965163e-01	5.877655462512247908e-01
1.046238416666666637e+01	5.364396654719234547e-01	5.878900702475643447e-01
1.086788499999999935e+01	5.376344086021505042e-01	5.956658626261955858e-01
1.100479249999999887e+01	5.388291517323775537e-01	5.982579011993496287e-01
1.106793638888889042e+01	5.400238948626044921e-01	5.994477843663436056e-01
1.131447861111111131e+01	5.412186379928315416e-01	6.040599787036315949e-01
1.175567555555555543e+01	5.424133811230584801e-01	6.121815266162463631e-01
1.193428055555555645e+01	5.436081242532855295e-01	6.154217212843466900e-01
1.198939944444444450e+01	5.448028673835124680e-01	6.164161935554246519e-01
1.213408527777777834e+01	5.459976105137395175e-01	6.190144429150559180e-01
1.363514361111111128e+01	5.471923536439665670e-01	6.449534897373074838e-01
1.363978750000000062e+01	5.483870967741935054e-01	6.450309340079034559e-01
1.365144305555555526e+01	5.495818399044205549e-01	6.452252346310842768e-01
1.390651055555555615e+01	5.507765830346474933e-01	6.494507356316814306e-01
1.395703888888888855e+01	5.519713261648745428e-01	6.502818069855074157e-01
1.396572805555555519e+01	5.531660692951014813e-01	6.504245245141164755e-01
1.402051055555555692e+01	5.543608124253285308e-01	6.513229740877263252e-01
1.413671861111111028e+01	5.555555555555554692e-01	6.532211843384744254e-01
1.418118305555555558e+01	5.567502986857825187e-01	6.539447559857987091e-01
1.472361694444444424e+01	5.579450418160095682e-01	6.626511930489731306e-01
1.493330916666666752e+01	5.591397849462365066e-01	6.659578860310602089e-01
1.525172722222222177e+01	5.603345280764635561e-01	6.709172331970146841e-01
1.552327416666666515e+01	5.615292712066904945e-01	6.750883530514930619e-01
1.560153222222222347e+01	5.627240143369175440e-01	6.762805991116482840e-01
1.560237194444444420e+01	5.639187574671444825e-01	6.762933683620495628e-01
1.564709277777777707e+01	5.651135005973715320e-01	6.769726892700805854e-01
1.576303249999999956e+01	5.663082437275985814e-01	6.787272119194953657e-01
1.647108083333333539e+01	5.675029868578255199e-01	6.892372423280702654e-01
1.647140222222222405e+01	5.686977299880525694e-01	6.892419339838516956e-01
1.658827277777777809e+01	5.698924731182795078e-01	6.909433304002862153e-01
1.685199888888888964e+01	5.710872162485065573e-01	6.947484951916740314e-01
1.703484555555555602e+01	5.722819593787334957e-01	6.973591572218921231e-01
1.714073861111111086e+01	5.734767025089605452e-01	6.988608631390375026e-01
1.723063138888888801e+01	5.746714456391875947e-01	7.001298144622349895e-01
1.755660027777777898e+01	5.758661887694145332e-01	7.046865960590185107e-01
1.781714138888888854e+01	5.770609318996415826e-01	7.082789081590230573e-01
1.809844000000000008e+01	5.782556750298685211e-01	7.121083790259612467e-01
1.819492361111111123e+01	5.794504181600955706e-01	7.134102512291620179e-01
1.851337361111111335e+01	5.806451612903225090e-01	7.176655218163608962e-01
1.854814638888889178e+01	5.818399044205495585e-01	7.181263279412952727e-01
1.856993222222222073e+01	5.830346475507764969e-01	7.184146488088204441e-01
1.879954194444444227e+01	5.842293906810035464e-01	7.214355038365702910e-01
1.881576083333333216e+01	5.854241338112305959e-01	7.216476577394219660e-01
1.905916222222221990e+01	5.866188769414575344e-01	7.248121720404641088e-01
1.921463888888888860e+01	5.878136200716845838e-01	7.268147021403241759e-01
2.044742361111111251e+01	5.890083632019115223e-01	7.421856183031481091e-01
2.059839944444444271e+01	5.902031063321385718e-01	7.440076043327381594e-01
2.145175472222222268e+01	5.913978494623655102e-01	7.540665141992709541e-01
2.157897694444444170e+01	5.925925925925925597e-01	7.555319039377474954e-01
2.174423611111111043e+01	5.937873357228196092e-01	7.574223865977246506e-01
2.194122111111110840e+01	5.949820788530465476e-01	7.596567080896979851e-01
2.210784722222222243e+01	5.961768219832735971e-01	7.615306066943096086e-01
2.246379666666666708e+01	5.973715651135005356e-01	7.654848622857015616e-01
2.306087277777777800e+01	5.985663082437275850e-01	7.719711154792922025e-01
2.377938722222221912e+01	5.997610513739545235e-01	7.795392061674989437e-01
2.401731111111111261e+01	6.009557945041815730e-01	7.819894782703419311e-01
2.401814999999999856e+01	6.021505376344085114e-01	7.819980692548126333e-01
2.401855194444444308e+01	6.033452807646355609e-01	7.820021854111824933e-01
2.401885250000000127e+01	6.045400238948626104e-01	7.820052632326798259e-01
2.402201194444444354e+01	6.057347670250895488e-01	7.820376147085796870e-01
2.402295111111110870e+01	6.069295101553165983e-01	7.820472304823392617e-01
2.402439277777777704e+01	6.081242532855435368e-01	7.820619903389353089e-01
2.402479749999999825e+01	6.093189964157705862e-01	7.820661337259212642e-01
2.402544361111111115e+01	6.105137395459975247e-01	7.820727481941870396e-01
2.402634166666666715e+01	6.117084826762245742e-01	7.820819415735180691e-01
2.402730111111111100e+01	6.129032258064516236e-01	7.820917629613526323e-01
2.402822861111111408e+01	6.140979689366785621e-01	7.821012569279428561e-01
2.402983555555555384e+01	6.152927120669056116e-01	7.821177047648369962e-01
2.403012916666666499e+01	6.164874551971325500e-01	7.821207098793633294e-01
2.403042777777777772e+01	6.176821983273595995e-01	7.821237661264590635e-01
2.403058083333333173e+01	6.188769414575865380e-01	7.821253326141661688e-01
2.403065805555555556e+01	6.200716845878135874e-01	7.821261229612208599e-01
2.403110833333333574e+01	6.212664277180406369e-01	7.821307313666264749e-01
2.403129694444444198e+01	6.224611708482675754e-01	7.821326616937795961e-01
2.403223166666666799e+01	6.236559139784946248e-01	7.821422277902325693e-01
2.403231277777777919e+01	6.248506571087215633e-01	7.821430578744874573e-01
2.403232055555555746e+01	6.260454002389486128e-01	7.821431374714415963e-01
2.403342833333333317e+01	6.272401433691755512e-01	7.821544740548709296e-01
2.403402388888888908e+01	6.284348864994026007e-01	7.821605685038397482e-01
2.403414555555555410e+01	6.296296296296295392e-01	7.821618135242132119e-01
2.403423833333333448e+01	6.308243727598565886e-01	7.821627629185289310e-01
2.403431055555555318e+01	6.320191158900836381e-01	7.821635019651320686e-01
2.403537888888888929e+01	6.332138590203105766e-01	7.821744338770272309e-01
2.403573861111111043e+01	6.344086021505376261e-01	7.821781146755366620e-01
2.403672555555555590e+01	6.356033452807645645e-01	7.821882131029171958e-01
2.403768250000000251e+01	6.367980884109916140e-01	7.821980041228957514e-01
2.403810027777777591e+01	6.379928315412185524e-01	7.822022784969382414e-01
2.403832666666666640e+01	6.391875746714456019e-01	7.822045946951683426e-01
2.403995722222222398e+01	6.403823178016726514e-01	7.822212762787633666e-01
2.404012611111111042e+01	6.415770609318995898e-01	7.822230040426758624e-01
2.404085305555555507e+01	6.427718040621266393e-01	7.822304406594885462e-01
2.404088305555555749e+01	6.439665471923535778e-01	7.822307475530065890e-01
2.404171611111111062e+01	6.451612903225806273e-01	7.822392693585972223e-01
2.404343833333333080e+01	6.463560334528075657e-01	7.822568859053573576e-01
2.404378833333333532e+01	6.475507765830346152e-01	7.822604658680318845e-01
2.404510888888889042e+01	6.487455197132615536e-01	7.822739725940496269e-01
2.404532805555555441e+01	6.499402628434886031e-01	7.822762141635564159e-01
2.404559500000000227e+01	6.511350059737156526e-01	7.822789443583614277e-01
2.404623861111111083e+01	6.523297491039425910e-01	7.822855267996459139e-01
2.404662194444444623e+01	6.535244922341696405e-01	7.822894471923391713e-01
2.404797388888889031e+01	6.547192353643965790e-01	7.823032731152222974e-01
2.404839055555555660e+01	6.559139784946236285e-01	7.823075340609456640e-01
2.404877194444444299e+01	6.571087216248505669e-01	7.823114341734914712e-01
2.404878583333333353e+01	6.583034647550776164e-01	7.823115762010347529e-01
2.404959333333333049e+01	6.594982078853046659e-01	7.823198335230920897e-01
2.405199416666666679e+01	6.606929510155316043e-01	7.823443820806268434e-01
2.405310166666666660e+01	6.618876941457586538e-01	7.823557053519479831e-01
2.405511277777777934e+01	6.630824372759855923e-01	7.823762657932896714e-01
2.405612888888888889e+01	6.642771804062126417e-01	7.823866531892819109e-01
2.405776333333333383e+01	6.654719235364395802e-01	7.824033605794227242e-01
2.405782194444444499e+01	6.666666666666666297e-01	7.824039596819273301e-01
2.406077694444444504e+01	6.678614097968936791e-01	7.824341625319196636e-01
2.406300194444444429e+01	6.690561529271206176e-01	7.824569013358404490e-01
2.406476833333333332e+01	6.702508960573476671e-01	7.824749515854162452e-01
2.406478638888888710e+01	6.714456391875746055e-01	7.824751360825146218e-01
2.406531722222222314e+01	6.726403823178016550e-01	7.824805602272785210e-01
2.406569722222221941e+01	6.738351254480285935e-01	7.824844430484689806e-01
2.406664305555555217e+01	6.750298685782556429e-01	7.824941072256982322e-01
2.406680444444444333e+01	6.762246117084825814e-01	7.824957561951404461e-01
2.406685888888888769e+01	6.774193548387096309e-01	7.824963124711683538e-01
2.406703222222222394e+01	6.786140979689366803e-01	7.824980834629254867e-01
2.406830055555555603e+01	6.798088410991636188e-01	7.825110419157361719e-01
2.406885611111110990e+01	6.810035842293906683e-01	7.825167177360146109e-01
2.406994750000000138e+01	6.821983273596176067e-01	7.825278674536413348e-01
2.407089944444444285e+01	6.833930704898446562e-01	7.825375921287568426e-01
2.407263944444444093e+01	6.845878136200715947e-01	7.825553661332895761e-01
2.407295027777777818e+01	6.857825567502986441e-01	7.825585411257939272e-01
2.407469194444444582e+01	6.869772998805256936e-01	7.825763304406601062e-01
2.407614555555555569e+01	6.881720430107526321e-01	7.825911764531756631e-01
2.407724555555555668e+01	6.893667861409796815e-01	7.826024102929471926e-01
2.407917583333333056e+01	6.905615292712066200e-01	7.826221220092743902e-01
2.407942277777777917e+01	6.917562724014336695e-01	7.826246436411217200e-01
2.408067083333333258e+01	6.929510155316606079e-01	7.826373875039644989e-01
2.408116527777777804e+01	6.941457586618876574e-01	7.826424360567088012e-01
2.408173999999999992e+01	6.953405017921147069e-01	7.826483041428451415e-01
2.408182944444444473e+01	6.965352449223416453e-01	7.826492173831834931e-01
2.408595777777777869e+01	6.977299880525686948e-01	7.826913640708219599e-01
2.408771666666666533e+01	6.989247311827956333e-01	7.827093183115672037e-01
2.408834027777777465e+01	7.001194743130226827e-01	7.827156836013584584e-01
2.408876444444444331e+01	7.013142174432496212e-01	7.827200130259960309e-01
2.408931194444444301e+01	7.025089605734766707e-01	7.827256011734842200e-01
2.409072277777777771e+01	7.037037037037036091e-01	7.827400004102379460e-01
2.409078722222222169e+01	7.048984468339306586e-01	7.827406581198603774e-01
2.409105499999999722e+01	7.060931899641577081e-01	7.827433909954153446e-01
2.409125194444444418e+01	7.072879330943846465e-01	7.827454009410782509e-01
2.409236611111111159e+01	7.084826762246116960e-01	7.827567713836642849e-01
2.409354388888888820e+01	7.096774193548386345e-01	7.827687903518364410e-01
2.409575027777777834e+01	7.108721624850656839e-01	7.827913042849139469e-01
2.409620166666666563e+01	7.120669056152926224e-01	7.827959099575163560e-01
2.410034861111111226e+01	7.132616487455196719e-01	7.828382180563701054e-01
2.410197722222222438e+01	7.144563918757467214e-01	7.828548312746816951e-01
2.410361694444444325e+01	7.156511350059736598e-01	7.828715565518022945e-01
2.410445277777777662e+01	7.168458781362007093e-01	7.828800816123997475e-01
2.410459305555555787e+01	7.180406212664276477e-01	7.828815123391862363e-01
2.410609861111111130e+01	7.192353643966546972e-01	7.828968672687388608e-01
2.410950166666666661e+01	7.204301075268816357e-01	7.829315705077530829e-01
2.411043611111111318e+01	7.216248506571086851e-01	7.829410986934655092e-01
2.411100222222222200e+01	7.228195937873356236e-01	7.829468709164436602e-01
2.411101277777777696e+01	7.240143369175626731e-01	7.829469785423034400e-01
2.411479805555555700e+01	7.252090800477897226e-01	7.829855703013194335e-01
2.411574083333333363e+01	7.264038231780166610e-01	7.829951810656291533e-01
2.411611027777777849e+01	7.275985663082437105e-01	7.829989471005651680e-01
2.411913388888888932e+01	7.287933094384706489e-01	7.830297666670967827e-01
2.411922750000000093e+01	7.299880525686976984e-01	7.830307207721498575e-01
2.411990416666666803e+01	7.311827956989246369e-01	7.830376173830110309e-01
2.412037277777777788e+01	7.323775388291516864e-01	7.830423933557358884e-01
2.412046944444444563e+01	7.335722819593787358e-01	7.830433785462761476e-01
2.412129305555555447e+01	7.347670250896056743e-01	7.830517723014855935e-01
2.412185361111110993e+01	7.359617682198327238e-01	7.830574849650042690e-01
2.412201611111111177e+01	7.371565113500596622e-01	7.830591409865126362e-01
2.412238444444444596e+01	7.383512544802867117e-01	7.830628945884643421e-01
2.412444499999999792e+01	7.395459976105136501e-01	7.830838920476288489e-01
2.412472916666666478e+01	7.407407407407406996e-01	7.830867876013873907e-01
2.412609166666666383e+01	7.419354838709677491e-01	7.831006704380347738e-01
2.412700666666666649e+01	7.431302270011946876e-01	7.831099930920071284e-01
2.412808444444444689e+01	7.443249701314217370e-01	7.831209737247950553e-01
2.412810277777777657e+01	7.455197132616486755e-01	7.831211605039459789e-01
2.413004972222222477e+01	7.467144563918757250e-01	7.831409949682237581e-01
2.413038555555555575e+01	7.479091995221026634e-01	7.831444160813079147e-01
2.413118611111111278e+01	7.491039426523297129e-01	7.831525710728279854e-01
2.413314305555555705e+01	7.502986857825566513e-01	7.831725045198776325e-01
2.413471694444444537e+01	7.514934289127837008e-01	7.831885348314305828e-01
2.414051027777777847e+01	7.526881720430107503e-01	7.832475306542294735e-01
2.414630388888889101e+01	7.538829151732376888e-01	7.833065132514451800e-01
2.414668972222222010e+01	7.550776583034647382e-01	7.833104407068428587e-01
2.414860694444444533e+01	7.562724014336916767e-01	7.833299553439048157e-01
2.416547416666666592e+01	7.574671445639187262e-01	7.835015643162074328e-01
2.416804527777777878e+01	7.586618876941456646e-01	7.835277111421623530e-01
2.416863305555555641e+01	7.598566308243727141e-01	7.835336880845655827e-01
2.417356305555555807e+01	7.610513739545997636e-01	7.835838133336799904e-01
2.417620805555555563e+01	7.622461170848267020e-01	7.836107013046880176e-01
2.417848916666666881e+01	7.634408602150537515e-01	7.836338874495863971e-01
2.417982722222222236e+01	7.646356033452806900e-01	7.836474868366117841e-01
2.418051166666666774e+01	7.658303464755077394e-01	7.836544428876529578e-01
2.418199000000000254e+01	7.670250896057346779e-01	7.836694665171687335e-01
2.418224027777777962e+01	7.682198327359617274e-01	7.836720098731655426e-01
2.418264916666666409e+01	7.694145758661887768e-01	7.836761649919944395e-01
2.418504361111111223e+01	7.706093189964157153e-01	7.837004956754655138e-01
2.418591611111110851e+01	7.718040621266427648e-01	7.837093607349600033e-01
2.418637611111110886e+01	7.729988052568697032e-01	7.837140344309383444e-01
2.418699333333333357e+01	7.741935483870967527e-01	7.837203053788329710e-01
2.418768888888888569e+01	7.753882915173236912e-01	7.837273719717066101e-01
2.418796222222222170e+01	7.765830346475507406e-01	7.837301488763185331e-01
2.419009972222222160e+01	7.777777777777776791e-01	7.837518633794251510e-01
2.419169249999999849e+01	7.789725209080047286e-01	7.837680427234384739e-01
2.419214222222222332e+01	7.801672640382317780e-01	7.837726107564602085e-01
2.419245333333333292e+01	7.813620071684587165e-01	7.837757707969528198e-01
2.419321000000000055e+01	7.825567502986857660e-01	7.837834562741147204e-01
2.419357083333333236e+01	7.837514934289127044e-01	7.837871211686802120e-01
2.419395138888889107e+01	7.849462365591397539e-01	7.837909863096533813e-01
2.419502333333333510e+01	7.861409796893666924e-01	7.838018732221849749e-01
2.419526583333333036e+01	7.873357228195937418e-01	7.838043360315178898e-01
2.419600611111111022e+01	7.885304659498207913e-01	7.838118540559978475e-01
2.419609444444444435e+01	7.897252090800477298e-01	7.838127511236362421e-01
2.419681500000000085e+01	7.909199522102747792e-01	7.838200685740893681e-01
2.419776444444444508e+01	7.921146953405017177e-01	7.838297100793423233e-01
2.419852638888889018e+01	7.933094384707287672e-01	7.838374472314391106e-01
2.419904138888889022e+01	7.945041816009557056e-01	7.838426766334667395e-01
2.419921027777778022e+01	7.956989247311827551e-01	7.838443915338773049e-01
2.419997888888888937e+01	7.968936678614096936e-01	7.838521958512317811e-01
2.420006999999999664e+01	7.980884109916367430e-01	7.838531209558224910e-01
2.420131111111111011e+01	7.992831541218637925e-01	7.838657222911209477e-01
2.420350000000000179e+01	8.004778972520907310e-01	7.838879448790241344e-01
2.420581111111111028e+01	8.016726403823177804e-01	7.839114058422662623e-01
2.420727055555555651e+01	8.028673835125447189e-01	7.839262199029497502e-01
2.420954638888888866e+01	8.040621266427717684e-01	7.839493186755797094e-01
2.420999972222222141e+01	8.052568697729987068e-01	7.839539195275919692e-01
2.421130916666666621e+01	8.064516129032257563e-01	7.839672084481994485e-01
2.421157249999999905e+01	8.076463560334528058e-01	7.839698807925705726e-01
2.421271972222222146e+01	8.088410991636797442e-01	7.839815225822376332e-01
2.421273277777777722e+01	8.100358422939067937e-01	7.839816550638848414e-01
2.421552416666666829e+01	8.112305854241337322e-01	7.840099789018390997e-01
2.421618555555555474e+01	8.124253285543607817e-01	7.840166893794184855e-01
2.421916638888888684e+01	8.136200716845877201e-01	7.840469304440789156e-01
2.421982750000000095e+01	8.148148148148147696e-01	7.840536369558125385e-01
2.421985916666666583e+01	8.160095579450418191e-01	7.840539581868618546e-01
2.422253916666666740e+01	8.172043010752687575e-01	7.840811427463290073e-01
2.422333166666666671e+01	8.183990442054958070e-01	7.840891808083843006e-01
2.422393277777777598e+01	8.195937873357227454e-01	7.840952774774809786e-01
2.422480611111111060e+01	8.207885304659497949e-01	7.841041348082773421e-01
2.422539027777777676e+01	8.219832735961767334e-01	7.841100592131796665e-01
2.422579305555555607e+01	8.231780167264037829e-01	7.841141439435538318e-01
2.422677972222222564e+01	8.243727598566307213e-01	7.841241497978992392e-01
2.422893833333333191e+01	8.255675029868577708e-01	7.841460388041365803e-01
2.422954222222222143e+01	8.267622461170848203e-01	7.841521620330640374e-01
2.423057944444444445e+01	8.279569892473117587e-01	7.841626787099343909e-01
2.423206444444444330e+01	8.291517323775388082e-01	7.841777346349457778e-01
2.423216749999999919e+01	8.303464755077657466e-01	7.841787794422475644e-01
2.423223277777777795e+01	8.315412186379927961e-01	7.841794412447952167e-01
2.423548999999999864e+01	8.327359617682197346e-01	7.842124612069582001e-01
2.423599000000000103e+01	8.339307048984467841e-01	7.842175294899997873e-01
2.423609361111111227e+01	8.351254480286738335e-01	7.842185797359846333e-01
2.423674055555555640e+01	8.363201911589007720e-01	7.842251373225229694e-01
2.423784694444444199e+01	8.375149342891278215e-01	7.842363514880820174e-01
2.423824749999999995e+01	8.387096774193547599e-01	7.842404113059040505e-01
2.423881944444444514e+01	8.399044205495818094e-01	7.842462080978318539e-01
2.424004194444444238e+01	8.410991636798087479e-01	7.842585979016452047e-01
2.424089000000000027e+01	8.422939068100357973e-01	7.842671923646100662e-01
2.424155805555555432e+01	8.434886499402628468e-01	7.842739624096142226e-01
2.424171999999999727e+01	8.446833930704897853e-01	7.842756035153495286e-01
2.424331888888888997e+01	8.458781362007168347e-01	7.842918055975935943e-01
2.424391194444444508e+01	8.470728793309437732e-01	7.842978149208627014e-01
2.424519833333333452e+01	8.482676224611708227e-01	7.843108490883595740e-01
2.424824833333333274e+01	8.494623655913977611e-01	7.843417496678135592e-01
2.424876555555555413e+01	8.506571087216248106e-01	7.843469893816871208e-01
2.425115638888888725e+01	8.518518518518517491e-01	7.843712080374743989e-01
2.425564444444444590e+01	8.530465949820787985e-01	7.844166637833928091e-01
2.425790916666666774e+01	8.542413381123058480e-01	7.844395976152178651e-01
2.426230138888888987e+01	8.554360812425327865e-01	7.844840687368156429e-01
2.426323361111111154e+01	8.566308243727598359e-01	7.844935062792265379e-01
2.426829277777778060e+01	8.578255675029867744e-01	7.845447165812533541e-01
2.427007111111111115e+01	8.590203106332138239e-01	7.845627144786739837e-01
2.427180749999999776e+01	8.602150537634407623e-01	7.845802864201911753e-01
2.427350111111111275e+01	8.614097968936678118e-01	7.845974240776232289e-01
2.428264361111111214e+01	8.626045400238948613e-01	7.846899135285002602e-01
2.428600555555555474e+01	8.637992831541217997e-01	7.847239144125592869e-01
2.429629611111111132e+01	8.649940262843488492e-01	7.848279541479763477e-01
2.429934861111111033e+01	8.661887694145757877e-01	7.848588059104866232e-01
2.430388611111111175e+01	8.673835125448028371e-01	7.849046584636680812e-01
2.430577861111111204e+01	8.685782556750297756e-01	7.849237797534440730e-01
2.431206472222222459e+01	8.697729988052568251e-01	7.849872806596681629e-01
2.431226472222222412e+01	8.709677419354837635e-01	7.849893007077282103e-01
2.431230833333333408e+01	8.721624850657108130e-01	7.849897411879098730e-01
2.431254611111111075e+01	8.733572281959378625e-01	7.849921427709893873e-01
2.431561694444444655e+01	8.745519713261648009e-01	7.850231561329591434e-01
2.431679111111111169e+01	8.757467144563918504e-01	7.850350132483742138e-01
2.431756111111111096e+01	8.769414575866187889e-01	7.850427886027827595e-01
2.432101972222222130e+01	8.781362007168458383e-01	7.850777097149913564e-01
2.432302138888888621e+01	8.793309438470727768e-01	7.850979176712727936e-01
2.432479166666666615e+01	8.805256869772998263e-01	7.851157880426654634e-01
2.432866999999999891e+01	8.817204301075268758e-01	7.851549333471100622e-01
2.433290722222222158e+01	8.829151732377538142e-01	7.851976928847336223e-01
2.435480888888888984e+01	8.841099163679808637e-01	7.854185758943906803e-01
2.435797138888888824e+01	8.853046594982078021e-01	7.854504516136527892e-01
2.435806722222222120e+01	8.864994026284348516e-01	7.854514174706181961e-01
2.436156055555555611e+01	8.876941457586617901e-01	7.854866220888225836e-01
2.439203000000000188e+01	8.888888888888888395e-01	7.857934379052525786e-01
2.439709361111111008e+01	8.900836320191158890e-01	7.858443840188067409e-01
2.439808055555555555e+01	8.912783751493428275e-01	7.858543124744938879e-01
2.440035583333333236e+01	8.924731182795698770e-01	7.858771995416489187e-01
2.440241444444444241e+01	8.936678614097968154e-01	7.858979050464524052e-01
2.440455611111111267e+01	8.948626045400238649e-01	7.859194437987991888e-01
2.440457083333333443e+01	8.960573476702508033e-01	7.859195918527625002e-01
2.440664611111111171e+01	8.972520908004778528e-01	7.859404608501923128e-01
2.440674277777777945e+01	8.984468339307047913e-01	7.859414328807944328e-01
2.441062083333333277e+01	8.996415770609318407e-01	7.859804249854283054e-01
2.441103277777777691e+01	9.008363201911588902e-01	7.859845664842317614e-01
2.441399888888888725e+01	9.020310633213858287e-01	7.860143840268039028e-01
2.441457805555555538e+01	9.032258064516128782e-01	7.860202057536773701e-01
2.441508083333333090e+01	9.044205495818398166e-01	7.860252594984572516e-01
2.441555555555555657e+01	9.056152927120668661e-01	7.860300311291401609e-01
2.441564500000000137e+01	9.068100358422938045e-01	7.860309301605740151e-01
2.441983916666666588e+01	9.080047789725208540e-01	7.860730826759627643e-01
2.443183388888888885e+01	9.091995221027479035e-01	7.861935870678659066e-01
2.443457388888888815e+01	9.103942652329748420e-01	7.862211048188071372e-01
2.443625444444444383e+01	9.115890083632018914e-01	7.862379808435849826e-01
2.445688249999999897e+01	9.127837514934288299e-01	7.864450178738173758e-01
2.446876722222222256e+01	9.139784946236558794e-01	7.865642098753748979e-01
2.447049805555555579e+01	9.151732377538828178e-01	7.865815628701480211e-01
2.447370527777777838e+01	9.163679808841098673e-01	7.866137141205064021e-01
2.447898666666666756e+01	9.175627240143369168e-01	7.866666475916965773e-01
2.451174777777777791e+01	9.187574671445638552e-01	7.869947072564116297e-01
2.451844083333333302e+01	9.199522102747909047e-01	7.870616673648539452e-01
2.451896194444444532e+01	9.211469534050178432e-01	7.870668798935808175e-01
2.451959611111111315e+01	9.223416965352448926e-01	7.870732231132923085e-01
2.452060638888888988e+01	9.235364396654718311e-01	7.870833279748949973e-01
2.452172361111110988e+01	9.247311827956988806e-01	7.870945019431518919e-01
2.452358000000000260e+01	9.259259259259258190e-01	7.871130674365574009e-01
2.452930694444444626e+01	9.271206690561528685e-01	7.871703316305744824e-01
2.453258916666666423e+01	9.283154121863799180e-01	7.872031438996615060e-01
2.453300277777777794e+01	9.295101553166068564e-01	7.872072783976019617e-01
2.456228944444444551e+01	9.307048984468339059e-01	7.874998267132506946e-01
2.456340333333332993e+01	9.318996415770608444e-01	7.875109455509987644e-01
2.456616416666666680e+01	9.330943847072878938e-01	7.875385016785751979e-01
2.456820166666666694e+01	9.342891278375148323e-01	7.875588358588019311e-01
2.456917111111111041e+01	9.354838709677418818e-01	7.875685101978719960e-01
2.457415388888888685e+01	9.366786140979689312e-01	7.876182276864146514e-01
2.458037861111111155e+01	9.378733572281958697e-01	7.876803207827702824e-01
2.458603166666666695e+01	9.390681003584229192e-01	7.877366956373375029e-01
2.458885388888888812e+01	9.402628434886498576e-01	7.877648345255827689e-01
2.458895333333333610e+01	9.414575866188769071e-01	7.877658259656140638e-01
2.459012055555555420e+01	9.426523297491038456e-01	7.877774625775422201e-01
2.459217333333333144e+01	9.438470728793308950e-01	7.877979261802620092e-01
2.459220333333333386e+01	9.450418160095578335e-01	7.877982252277558883e-01
2.459261500000000211e+01	9.462365591397848830e-01	7.878023287813529230e-01
2.459420277777777741e+01	9.474313022700119324e-01	7.878181552394156739e-01
2.459546027777777866e+01	9.486260454002388709e-01	7.878306887572177342e-01
2.459927111111111131e+01	9.498207885304659204e-01	7.878686668581631469e-01
2.461577388888888862e+01	9.510155316606928588e-01	7.880330522196159482e-01
2.461711277777777696e+01	9.522102747909199083e-01	7.880463834004953760e-01
2.461734638888889037e+01	9.534050179211468468e-01	7.880487093567267731e-01
2.462413666666666856e+01	9.545997610513738962e-01	7.881163058144694533e-01
2.462556888888888906e+01	9.557945041816009457e-01	7.881305606735856673e-01
2.462628861111111078e+01	9.569892473118278842e-01	7.881377236823517984e-01
2.462809250000000105e+01	9.581839904420549336e-01	7.881556757556096304e-01
2.464309222222222218e+01	9.593787335722818721e-01	7.883048921863494707e-01
2.466971444444444117e+01	9.605734767025089216e-01	7.885694698563383565e-01
2.467137777777777785e+01	9.617682198327358600e-01	7.885859894597715414e-01
2.468866749999999755e+01	9.629629629629629095e-01	7.887576280831468667e-01
2.468918999999999997e+01	9.641577060931899590e-01	7.887628128782104842e-01
2.469207222222222242e+01	9.653524492234168974e-01	7.887914110343339225e-01
2.469390833333333646e+01	9.665471923536439469e-01	7.888096273858989926e-01
2.470210277777777819e+01	9.677419354838708854e-01	7.888909066272093984e-01
2.472419805555555428e+01	9.689366786140979348e-01	7.891099099158608299e-01
2.472651305555555723e+01	9.701314217443248733e-01	7.891328425080620379e-01
2.472777777777777786e+01	9.713261648745519228e-01	7.891453699035182456e-01
2.472899750000000196e+01	9.725209080047788612e-01	7.891574508575330826e-01
2.472996805555555255e+01	9.737156511350059107e-01	7.891670634017977637e-01
2.473167805555555532e+01	9.749103942652329602e-01	7.891839984610355963e-01
2.473294222222222416e+01	9.761051373954598986e-01	7.891965173159498637e-01
2.473642472222222111e+01	9.772998805256869481e-01	7.892310001520872476e-01
2.474181749999999980e+01	9.784946236559138866e-01	7.892843869466343865e-01
2.476657888888888692e+01	9.796893667861409360e-01	7.895293433271218797e-01
2.476888833333333650e+01	9.808841099163678745e-01	7.895521753879466420e-01
2.476935833333333292e+01	9.820788530465949240e-01	7.895568216863579902e-01
2.477711222222222531e+01	9.832735961768219735e-01	7.896334598215696277e-01
2.479206138888888944e+01	9.844683393070489119e-01	7.897811361077121672e-01
2.479304944444444558e+01	9.856630824372759614e-01	7.897908930236902103e-01
2.479949138888888882e+01	9.868578255675028998e-01	7.898544952601703750e-01
2.480127861111111187e+01	9.880525686977299493e-01	7.898721373498059917e-01
2.480243722222222402e+01	9.892473118279568878e-01	7.898835734804595665e-01
2.480430916666666974e+01	9.904420549581839373e-01	7.899020492893613632e-01
2.480448138888888820e+01	9.916367980884108757e-01	7.899037490150688789e-01
2.480677444444444646e+01	9.928315412186379252e-01	7.899263787300487838e-01
2.481145194444444257e+01	9.940262843488649747e-01	7.899725325020714450e-01
2.481361000000000061e+01	9.952210274790919131e-01	7.899938230234972991e-01
2.481392805555555725e+01	9.964157706093189626e-01	7.899969606511594300e-01
2.482535500000000184e+01	9.976105137395459010e-01	7.901096567116960845e-01
2.483083111111110952e+01	9.988052568697729505e-01	7.901636423754999639e-01
2.483284305555555704e+01	1.000000000000000000e+00	7.901834734294214124e-01
