0.017573611111111113 0.0
0.0237825 0.005050505050505051
0.028731944444444445 0.010101010101010102
0.029849999999999998 0.015151515151515152
0.03118361111111111 0.020202020202020204
0.0327975 0.025252525252525256
0.03361611111111111 0.030303030303030304
0.03488694444444444 0.03535353535353536
0.03489055555555556 0.04040404040404041
0.03697305555555556 0.045454545454545456
0.03810305555555556 0.05050505050505051
0.0398475 0.05555555555555556
0.04233 0.06060606060606061
0.04927833333333333 0.06565656565656566
0.05758833333333334 0.07070707070707072
0.06050666666666667 0.07575757575757576
0.07565111111111111 0.08080808080808081
0.07639222222222222 0.08585858585858587
0.08289055555555555 0.09090909090909091
0.09166138888888889 0.09595959595959597
0.09530694444444444 0.10101010101010102
0.09607611111111111 0.10606060606060606
0.09882361111111111 0.11111111111111112
0.11144944444444445 0.11616161616161617
0.11670305555555555 0.12121212121212122
0.12766944444444445 0.12626262626262627
0.13352444444444445 0.13131313131313133
0.13773222222222223 0.13636363636363638
0.14672416666666666 0.14141414141414144
0.16952861111111112 0.14646464646464646
0.1818375 0.15151515151515152
0.189225 0.15656565656565657
0.19301916666666669 0.16161616161616163
0.2297502777777778 0.16666666666666669
0.2780986111111111 0.17171717171717174
0.2829336111111111 0.1767676767676768
0.2975927777777778 0.18181818181818182
0.3081405555555556 0.18686868686868688
0.39672277777777776 0.19191919191919193
0.4115588888888889 0.196969696969697
0.4404 0.20202020202020204
0.4479491666666667 0.2070707070707071
0.4950416666666667 0.21212121212121213
0.5064044444444444 0.21717171717171718
0.5281130555555555 0.22222222222222224
0.5470725 0.2272727272727273
0.5886333333333333 0.23232323232323235
0.5946375 0.2373737373737374
0.5965941666666666 0.24242424242424243
0.5970869444444444 0.2474747474747475
0.6149963888888889 0.25252525252525254
0.6196080555555555 0.2575757575757576
0.6872916666666666 0.26262626262626265
0.7126677777777777 0.2676767676767677
0.7364977777777777 0.27272727272727276
0.8376352777777778 0.2777777777777778
0.9009174999999999 0.2828282828282829
0.9166002777777777 0.2878787878787879
0.9191425 0.29292929292929293
1.033485 0.297979797979798
1.1886555555555556 0.30303030303030304
1.344795 0.3080808080808081
1.4432516666666666 0.31313131313131315
1.4698747222222222 0.31818181818181823
1.5803005555555556 0.32323232323232326
1.6325108333333334 0.3282828282828283
1.7424036111111112 0.33333333333333337
1.9582097222222223 0.3383838383838384
1.9603286111111111 0.3434343434343435
2.2340252777777776 0.3484848484848485
2.364473888888889 0.3535353535353536
2.4307825 0.3585858585858586
2.4329855555555553 0.36363636363636365
2.5363416666666665 0.36868686868686873
2.649954722222222 0.37373737373737376
2.69991 0.37878787878787884
2.753775555555556 0.38383838383838387
2.7896319444444444 0.3888888888888889
2.867723333333333 0.393939393939394
2.875617222222222 0.398989898989899
2.921714166666667 0.4040404040404041
2.979945277777778 0.4090909090909091
3.015693333333333 0.4141414141414142
3.0519363888888886 0.4191919191919192
3.0578600000000002 0.42424242424242425
3.0715591666666664 0.42929292929292934
3.0781219444444443 0.43434343434343436
3.262149722222222 0.43939393939393945
3.3365755555555556 0.4444444444444445
3.4486386111111114 0.44949494949494956
3.5015952777777777 0.4545454545454546
3.634924166666667 0.4595959595959596
4.605 0.4646464646464647
4.888755555555556 0.4696969696969697
5.013968055555556 0.4747474747474748
5.287422222222222 0.47979797979797983
6.195428333333334 0.48484848484848486
6.610309166666667 0.48989898989898994
6.634814444444444 0.494949494949495
6.741966944444444 0.5
6.969716111111111 0.5050505050505051
7.5712641666666665 0.5101010101010102
7.922010833333334 0.5151515151515152
8.063095 0.5202020202020202
8.721973333333333 0.5252525252525253
8.827116666666667 0.5303030303030304
8.83354361111111 0.5353535353535354
9.807664722222222 0.5404040404040404
10.455952777777778 0.5454545454545455
10.462384166666666 0.5505050505050505
10.802663055555556 0.5555555555555556
11.989399444444444 0.5606060606060607
12.134085277777778 0.5656565656565657
13.6397875 0.5707070707070707
13.965728055555555 0.5757575757575758
14.723616944444444 0.5808080808080809
14.933309166666668 0.5858585858585859
15.523274166666665 0.5909090909090909
15.601532222222223 0.595959595959596
15.647092777777777 0.6010101010101011
16.471402222222224 0.6060606060606061
16.85199888888889 0.6111111111111112
17.55660027777778 0.6161616161616162
18.09844 0.6212121212121212
18.56993222222222 0.6262626262626263
19.21463888888889 0.6313131313131314
21.57897694444444 0.6363636363636365
21.74423611111111 0.6414141414141414
22.107847222222222 0.6464646464646465
24.018551944444443 0.6515151515151516
24.024392777777777 0.6565656565656566
24.033428333333333 0.6616161616161617
24.03402388888889 0.6666666666666667
24.043788333333335 0.6717171717171718
24.045595000000002 0.6767676767676768
24.04959333333333 0.6818181818181819
24.051994166666667 0.686868686868687
24.053101666666667 0.6919191919191919
24.057763333333334 0.696969696969697
24.057821944444445 0.7020202020202021
24.060776944444445 0.7070707070707072
24.064786388888887 0.7121212121212122
24.065317222222223 0.7171717171717172
24.06569722222222 0.7222222222222223
24.066643055555552 0.7272727272727273
24.066804444444443 0.7323232323232324
24.067032222222224 0.7373737373737375
24.068300555555556 0.7424242424242425
24.06885611111111 0.7474747474747475
24.07917583333333 0.7525252525252526
24.08595777777778 0.7575757575757577
24.088764444444443 0.7626262626262627
24.089311944444443 0.7676767676767677
24.090722777777778 0.7727272727272728
24.101977222222224 0.7777777777777778
24.120469444444446 0.7828282828282829
24.122384444444446 0.787878787878788
24.124444999999998 0.792929292929293
24.124729166666665 0.797979797979798
24.126091666666664 0.8030303030303031
24.127006666666666 0.8080808080808082
24.168633055555556 0.8131313131313131
24.18591611111111 0.8181818181818182
24.20612111111111 0.8232323232323233
24.209995277777775 0.8282828282828284
24.21473861111111 0.8333333333333334
24.220761944444444 0.8383838383838385
24.251156388888887 0.8434343434343435
24.255644444444446 0.8484848484848485
24.257909166666668 0.8535353535353536
24.26230138888889 0.8585858585858587
24.26323361111111 0.8636363636363638
24.26829277777778 0.8686868686868687
24.35480888888889 0.8737373737373738
24.35797138888889 0.8787878787878789
24.35806722222222 0.8838383838383839
24.361560555555556 0.888888888888889
24.39709361111111 0.893939393939394
24.402414444444442 0.8989898989898991
24.404556111111113 0.9040404040404041
24.404570833333334 0.9090909090909092
24.40664611111111 0.9141414141414143
24.40674277777778 0.9191919191919192
24.410620833333333 0.9242424242424243
24.411032777777777 0.9292929292929294
24.413998888888887 0.9343434343434345
24.414578055555555 0.9393939393939394
24.415555555555557 0.9444444444444445
24.415645 0.9494949494949496
24.419839166666666 0.9545454545454546
24.4568825 0.9595959595959597
24.478986666666668 0.9646464646464648
24.62628861111111 0.9696969696969697
24.671377777777778 0.9747474747474748
24.688667499999998 0.9797979797979799
24.693908333333336 0.984848484848485
24.726513055555557 0.98989898989899
24.728997500000002 0.994949494949495
24.732942222222224 1.0
