2.372308333333333075e-01	0.000000000000000000e+00
3.342566666666667019e-01	7.692307692307692735e-02
1.152913055555555566e+00	1.538461538461538547e-01
4.047607777777778360e+00	2.307692307692307820e-01
7.436001111111110617e+00	3.076923076923077094e-01
2.418591611111110851e+01	3.846153846153846367e-01
2.452930694444444626e+01	4.615384615384615641e-01
2.453258916666666423e+01	5.384615384615385469e-01
2.453300277777777794e+01	6.153846153846154188e-01
2.456228944444444551e+01	6.923076923076922906e-01
2.456340333333332993e+01	7.692307692307692735e-01
2.456616416666666680e+01	8.461538461538462563e-01
2.459012055555555420e+01	9.230769230769231282e-01
2.459217333333333144e+01	1.000000000000000000e+00
