1.565499999999999878e-02	0.000000000000000000e+00	6.762914268337626503e-03
1.757361111111111276e-02	1.396648044692737475e-03	7.584107160676357290e-03
1.847083333333333563e-02	2.793296089385474950e-03	7.967562177922660194e-03
2.065222222222222112e-02	4.189944134078212208e-03	8.898335090667536251e-03
2.066194444444444459e-02	5.586592178770949900e-03	8.902478665130730134e-03
2.078249999999999889e-02	6.983240223463687592e-03	8.953855464889665106e-03
2.378250000000000156e-02	8.379888268156424416e-03	1.023025848307586132e-02
2.518777777777777768e-02	9.776536312849162108e-03	1.082677360157480347e-02
2.606250000000000233e-02	1.117318435754189980e-02	1.119763202734737687e-02
2.653583333333333141e-02	1.256983240223463749e-02	1.139817011639047278e-02
2.828638888888888869e-02	1.396648044692737518e-02	1.213896385715287386e-02
2.873194444444444537e-02	1.536312849162011288e-02	1.232729456082011857e-02
2.984999999999999806e-02	1.675977653631284883e-02	1.279949370171513078e-02
2.986833333333333354e-02	1.815642458100558826e-02	1.280723196341665600e-02
3.083388888888888638e-02	1.955307262569832422e-02	1.321456939799123438e-02
3.118361111111110986e-02	2.094972067039106364e-02	1.336200404912285186e-02
3.279750000000000026e-02	2.234636871508379960e-02	1.404167872818526917e-02
3.361611111111111050e-02	2.374301675977653556e-02	1.438598816712523959e-02
3.399361111111110639e-02	2.513966480446927498e-02	1.454466545899316295e-02
3.453055555555555739e-02	2.653631284916201094e-02	1.477025456152667414e-02
3.488694444444444265e-02	2.793296089385475037e-02	1.491991557386445309e-02
3.489055555555555660e-02	2.932960893854748632e-02	1.492143172699659896e-02
3.577611111111111269e-02	3.072625698324022575e-02	1.529306514455488521e-02
3.697305555555555762e-02	3.212290502793296171e-02	1.579482607844892236e-02
3.719305555555555559e-02	3.351955307262569767e-02	1.588698164170012153e-02
3.810305555555555668e-02	3.491620111731843362e-02	1.626794388935596386e-02
3.811805555555555086e-02	3.631284916201117652e-02	1.627422042954130427e-02
3.984750000000000097e-02	3.770949720670391248e-02	1.699721811861409568e-02
4.223472222222222211e-02	3.910614525139664843e-02	1.799304083610668917e-02
4.232999999999999957e-02	4.050279329608938439e-02	1.803273376335159939e-02
4.601805555555555510e-02	4.189944134078212729e-02	1.956612958984009151e-02
4.619055555555555415e-02	4.329608938547486324e-02	1.963770486654435599e-02
4.715083333333332932e-02	4.469273743016759920e-02	2.003591458343518400e-02
4.927833333333332677e-02	4.608938547486033516e-02	2.091671736362902753e-02
4.952916666666666579e-02	4.748603351955307111e-02	2.102043450182390291e-02
5.005194444444444751e-02	4.888268156424581401e-02	2.123651000464929842e-02
5.129666666666667096e-02	5.027932960893854997e-02	2.175050251486957548e-02
5.274611111111111167e-02	5.167597765363128592e-02	2.234818424774689949e-02
5.758833333333333859e-02	5.307262569832402188e-02	2.433828530325055431e-02
5.877083333333332771e-02	5.446927374301676478e-02	2.482274062089420003e-02
6.050666666666666693e-02	5.586592178770950073e-02	2.553279798264011455e-02
6.134027777777777135e-02	5.726256983240223669e-02	2.587333272241154961e-02
6.349111111111110928e-02	5.865921787709497265e-02	2.675058085342522582e-02
6.480388888888889698e-02	6.005586592178770861e-02	2.728504058393554574e-02
6.482361111111110963e-02	6.145251396648045150e-02	2.729306428877527682e-02
7.247361111111109977e-02	6.284916201117318746e-02	3.039282540619148501e-02
7.549861111111111356e-02	6.424581005586592342e-02	3.161167642132845651e-02
7.558277777777777651e-02	6.564245810055865937e-02	3.164553388023179370e-02
7.565111111111111342e-02	6.703910614525139533e-02	3.167301990752743185e-02
7.720888888888888246e-02	6.843575418994413129e-02	3.229907586498613481e-02
7.782250000000000278e-02	6.983240223463686724e-02	3.254539853969751206e-02
7.820249999999999424e-02	7.122905027932961708e-02	3.269786264364274442e-02
8.230694444444444646e-02	7.262569832402235304e-02	3.434077152042359915e-02
8.233250000000000290e-02	7.402234636871508899e-02	3.435097856162629137e-02
8.289055555555555066e-02	7.541899441340782495e-02	3.457380081212604872e-02
8.495638888888890072e-02	7.681564245810056091e-02	3.539751509697496024e-02
8.867694444444444712e-02	7.821229050279329686e-02	3.687650904871440927e-02
8.899361111111112055e-02	7.960893854748603282e-02	3.700212294159694465e-02
9.166138888888888947e-02	8.100558659217876878e-02	3.805870395322732969e-02
9.504499999999999060e-02	8.240223463687150474e-02	3.939453086989198188e-02
9.530694444444444413e-02	8.379888268156425457e-02	3.949774644852264288e-02
9.607611111111111213e-02	8.519553072625699053e-02	3.980066145491945040e-02
9.666833333333332834e-02	8.659217877094972649e-02	4.003372469672961814e-02
9.830555555555554881e-02	8.798882681564246244e-02	4.067728175435044585e-02
9.882361111111111207e-02	8.938547486033519840e-02	4.088068738291295717e-02
1.014224999999999988e-01	9.078212290502793436e-02	4.189942388273541068e-02
1.114494444444444482e-01	9.217877094972067031e-02	4.580385784028592755e-02
1.134300000000000030e-01	9.357541899441340627e-02	4.657021173049666340e-02
1.167030555555555460e-01	9.497206703910614223e-02	4.783318672222683365e-02
1.179988888888888893e-01	9.636871508379889206e-02	4.833200893519570829e-02
1.188397222222222216e-01	9.776536312849162802e-02	4.865531812241313814e-02
1.212163888888888874e-01	9.916201117318436398e-02	4.956762490482026495e-02
1.216288888888888836e-01	1.005586592178770999e-01	4.972573470952944275e-02
1.224213888888888851e-01	1.019553072625698359e-01	5.002930456094289990e-02
1.276694444444444465e-01	1.033519553072625718e-01	5.203321043153237568e-02
1.335244444444444456e-01	1.047486033519553078e-01	5.425584215321198334e-02
1.373052777777777622e-01	1.061452513966480438e-01	5.568383082707082515e-02
1.377322222222222281e-01	1.075418994413407797e-01	5.584472722304972825e-02
1.391052777777777860e-01	1.089385474860335296e-01	5.636168083120641353e-02
1.399533333333333185e-01	1.103351955307262655e-01	5.668059950030064631e-02
1.449888888888888894e-01	1.117318435754190015e-01	5.856840998328578796e-02
1.467241666666666555e-01	1.131284916201117374e-01	5.921664365566372407e-02
1.473527777777777770e-01	1.145251396648044734e-01	5.945117675431180887e-02
1.475427777777777727e-01	1.159217877094972093e-01	5.952203469529276231e-02
1.497344444444444478e-01	1.173184357541899453e-01	6.033836331044983153e-02
1.623391666666666733e-01	1.187150837988826813e-01	6.499684169583640203e-02
1.650452777777777769e-01	1.201117318435754172e-01	6.598893603779061590e-02
1.656797222222222143e-01	1.215083798882681670e-01	6.622112259855547634e-02
1.793008333333333260e-01	1.229050279329609030e-01	7.116879086599911530e-02
1.816016666666666612e-01	1.243016759776536390e-01	7.199755214377263901e-02
1.818375000000000130e-01	1.256983240223463749e-01	7.208238604386435489e-02
1.892250000000000043e-01	1.270949720670390970e-01	7.472917892490260616e-02
1.930191666666666861e-01	1.284916201117318468e-01	7.608057194023215564e-02
2.137269444444444555e-01	1.298882681564245967e-01	8.336181204657482080e-02
2.182061111111111285e-01	1.312849162011173187e-01	8.491599646881409225e-02
2.284822222222221977e-01	1.326815642458100686e-01	8.845403397363636733e-02
2.372308333333333075e-01	1.340782122905027907e-01	9.143613718422824443e-02
2.444905555555555721e-01	1.354748603351955405e-01	9.388996000965128819e-02
2.488405555555555648e-01	1.368715083798882626e-01	9.535132103908841583e-02
2.509388888888888780e-01	1.382681564245810124e-01	9.605385643844048527e-02
2.539969444444444280e-01	1.396648044692737345e-01	9.707493775791727064e-02
2.636027777777777970e-01	1.410614525139664843e-01	1.002610157823228404e-01
2.733761111111110975e-01	1.424581005586592342e-01	1.034697489424650368e-01
2.768186111111111125e-01	1.438547486033519562e-01	1.045921335732514362e-01
2.780986111111111159e-01	1.452513966480447061e-01	1.050084253693223529e-01
2.787161111111111089e-01	1.466480446927374282e-01	1.052090531209323720e-01
2.829336111111110941e-01	1.480446927374301780e-01	1.065758503502151483e-01
2.854866666666666664e-01	1.494413407821229001e-01	1.074002942887022777e-01
2.878288888888888564e-01	1.508379888268156499e-01	1.081547083327990821e-01
2.975927777777778171e-01	1.522346368715083720e-01	1.112796258331110039e-01
3.053472222222222143e-01	1.536312849162011218e-01	1.137386375992553988e-01
3.081405555555555842e-01	1.550279329608938717e-01	1.146195245201091784e-01
3.191111111111111232e-01	1.564245810055865937e-01	1.180541669239631719e-01
3.301502777777777786e-01	1.578212290502793436e-01	1.214704770326890670e-01
3.342566666666667019e-01	1.592178770949720656e-01	1.227311903341851834e-01
3.460447222222222119e-01	1.606145251396648155e-01	1.263201372736506567e-01
3.488972222222221919e-01	1.620111731843575376e-01	1.271819258180414136e-01
3.530699999999999950e-01	1.634078212290502874e-01	1.284379394780370554e-01
3.532491666666666141e-01	1.648044692737430095e-01	1.284917455160414779e-01
3.579555555555555824e-01	1.662011173184357593e-01	1.299015052464682907e-01
3.751569444444444734e-01	1.675977653631285091e-01	1.349950210991760213e-01
3.967227777777777575e-01	1.689944134078212312e-01	1.412519423077490677e-01
3.971255555555555650e-01	1.703910614525139811e-01	1.413674545662628457e-01
3.981097222222221843e-01	1.717877094972067031e-01	1.416494968051083270e-01
4.115588888888889185e-01	1.731843575418994530e-01	1.454746134767616883e-01
4.298988888888888860e-01	1.745810055865921750e-01	1.506042194756922192e-01
4.383313888888888954e-01	1.759776536312849249e-01	1.529297116507088716e-01
4.404000000000000137e-01	1.773743016759776470e-01	1.534970409904449218e-01
4.479491666666666760e-01	1.787709497206703968e-01	1.555569954117913267e-01
4.588327777777777561e-01	1.801675977653631466e-01	1.584981556003989822e-01
4.623747222222222009e-01	1.815642458100558687e-01	1.594480761049548168e-01
4.882372222222222113e-01	1.829608938547486185e-01	1.662778548939773393e-01
4.948933333333333517e-01	1.843575418994413406e-01	1.680057192611980055e-01
4.950416666666667131e-01	1.857541899441340905e-01	1.680440874498866644e-01
4.955427777777777765e-01	1.871508379888268125e-01	1.681736615196655904e-01
5.000249999999999417e-01	1.885474860335195624e-01	1.693296101701049217e-01
5.003177777777777502e-01	1.899441340782122845e-01	1.694049268538151409e-01
5.068905555555556219e-01	1.913407821229050343e-01	1.710896683213091185e-01
5.122688888888888847e-01	1.927374301675977841e-01	1.724596016748324301e-01
5.155141666666667177e-01	1.941340782122905062e-01	1.732824725115777176e-01
5.281130555555555439e-01	1.955307262569832560e-01	1.764505271551509158e-01
5.350472222222222296e-01	1.969273743016759781e-01	1.781763124253445962e-01
5.352188888888889107e-01	1.983240223463687280e-01	1.782188774541392795e-01
5.389874999999999527e-01	1.997206703910614500e-01	1.791513750599488253e-01
5.470724999999999616e-01	2.011173184357541999e-01	1.811394714516039728e-01
5.886333333333333417e-01	2.025139664804469219e-01	1.910963862089591625e-01
5.946375000000000410e-01	2.039106145251396718e-01	1.924991510685943041e-01
5.965941666666666476e-01	2.053072625698324216e-01	1.929543783751061503e-01
5.970869444444444341e-01	2.067039106145251437e-01	1.930688775878487418e-01
6.114247222222222167e-01	2.081005586592178935e-01	1.963744504561253379e-01
6.149963888888888563e-01	2.094972067039106156e-01	1.971901635289981247e-01
6.178138888888888847e-01	2.108938547486033654e-01	1.978314758975462939e-01
6.196080555555555369e-01	2.122905027932960875e-01	1.982388693498997601e-01
6.565227777777777884e-01	2.136871508379888374e-01	2.064523714269818067e-01
6.644302777777777447e-01	2.150837988826815594e-01	2.081706535508724143e-01
6.644550000000000178e-01	2.164804469273743093e-01	2.081760032336492927e-01
6.765808333333332980e-01	2.178770949720670591e-01	2.107832201492541024e-01
6.780888888888888522e-01	2.192737430167597812e-01	2.111051512833668209e-01
6.872916666666666341e-01	2.206703910614525310e-01	2.130586695576197898e-01
6.949244444444444557e-01	2.220670391061452531e-01	2.146646181047122959e-01
7.117058333333333708e-01	2.234636871508380029e-01	2.181503962038205957e-01
7.126677777777776779e-01	2.248603351955307250e-01	2.183483480934136911e-01
7.280613888888889385e-01	2.262569832402234749e-01	2.214889698953934338e-01
7.364977777777776957e-01	2.276536312849161969e-01	2.231887012924153035e-01
7.546680555555554948e-01	2.290502793296089468e-01	2.267987042407229592e-01
7.624849999999999683e-01	2.304469273743016966e-01	2.283306250918653579e-01
7.699427777777777537e-01	2.318435754189944187e-01	2.297804530459864047e-01
7.806797222222222610e-01	2.332402234636871685e-01	2.318478753224618993e-01
7.879502777777778189e-01	2.346368715083798906e-01	2.332346244206683628e-01
8.159827777777778346e-01	2.360335195530726404e-01	2.384831306615443069e-01
8.230052777777777662e-01	2.374301675977653625e-01	2.397738638080889328e-01
8.256205555555555797e-01	2.388268156424581123e-01	2.402521174256570802e-01
8.376352777777777980e-01	2.402234636871508344e-01	2.424323969210759322e-01
8.546488888888889024e-01	2.416201117318435843e-01	2.454730108996492077e-01
8.552508333333332935e-01	2.430167597765363341e-01	2.455795939307015840e-01
8.596036111111110545e-01	2.444134078212290562e-01	2.463483096438293385e-01
8.972736111111111468e-01	2.458100558659218060e-01	2.528558305194328892e-01
9.009174999999999267e-01	2.472067039106145281e-01	2.534717324283922713e-01
9.166002777777777499e-01	2.486033519553072779e-01	2.560956823906026525e-01
9.191424999999999734e-01	2.500000000000000000e-01	2.565169660391032891e-01
9.303686111111111323e-01	2.513966480446927498e-01	2.583638731851236603e-01
9.502019444444443907e-01	2.527932960893854997e-01	2.615739533509539583e-01
9.690138888888888413e-01	2.541899441340781940e-01	2.645573970205840619e-01
9.699066666666666947e-01	2.555865921787709438e-01	2.646975219737069951e-01
9.929133333333333145e-01	2.569832402234636937e-01	2.682634488589599742e-01
1.003219166666666551e+00	2.583798882681564435e-01	2.698330067544989497e-01
1.021501666666666752e+00	2.597765363128491933e-01	2.725758337498195294e-01
1.044755277777777769e+00	2.611731843575418877e-01	2.759890298971520717e-01
1.052280000000000104e+00	2.625698324022346375e-01	2.770757431201807397e-01
1.065393055555555524e+00	2.639664804469273873e-01	2.789490650261835514e-01
1.083529722222222214e+00	2.653631284916201372e-01	2.814978001746159531e-01
1.083725277777777718e+00	2.667597765363128315e-01	2.815250171349423236e-01
1.108118333333333316e+00	2.681564245810055813e-01	2.848764155950964105e-01
1.122384444444444407e+00	2.695530726256983312e-01	2.867969372751751345e-01
1.152913055555555566e+00	2.709497206703910810e-01	2.908110923149173632e-01
1.165607777777777798e+00	2.723463687150838308e-01	2.924426895626273115e-01
1.175630277777777843e+00	2.737430167597765251e-01	2.937155210691648755e-01
1.184833333333333183e+00	2.751396648044692750e-01	2.948725152240358471e-01
1.188655555555555576e+00	2.765363128491620248e-01	2.953497540440138680e-01
1.201149444444444381e+00	2.779329608938547747e-01	2.968963969724134899e-01
1.210001388888888973e+00	2.793296089385474690e-01	2.979799480312855797e-01
1.291305833333333375e+00	2.807262569832402188e-01	3.074738366349662466e-01
1.336337222222222287e+00	2.821229050279329686e-01	3.123927585218334579e-01
1.344794999999999963e+00	2.835195530726257185e-01	3.132908958166539803e-01
1.398626666666666463e+00	2.849162011173184683e-01	3.188236343109132065e-01
1.417713611111111272e+00	2.863128491620111626e-01	3.207112648582176040e-01
1.435089999999999977e+00	2.877094972067039125e-01	3.223970510306041204e-01
1.438191388888888866e+00	2.891061452513966623e-01	3.226947049601288642e-01
1.443251666666666599e+00	2.905027932960894121e-01	3.231782802743994321e-01
1.469874722222222152e+00	2.918994413407821065e-01	3.256804560265070814e-01
1.489383333333333281e+00	2.932960893854748563e-01	3.274699609412243251e-01
1.510195277777777845e+00	2.946927374301676061e-01	3.293389296377274289e-01
1.580300555555555597e+00	2.960893854748603560e-01	3.353415953380144976e-01
1.589833055555555541e+00	2.974860335195531058e-01	3.361241171072339440e-01
1.601669444444444590e+00	2.988826815642458001e-01	3.370848980852205745e-01
1.603718888888888916e+00	3.002793296089385500e-01	3.372500425287997539e-01
1.621105277777777909e+00	3.016759776536312998e-01	3.386367973851157065e-01
1.640866666666666696e+00	3.030726256983240496e-01	3.401824670500669390e-01
1.641809166666666542e+00	3.044692737430167440e-01	3.402553858253304364e-01
1.702736388888888897e+00	3.058659217877094938e-01	3.448188952333470780e-01
1.742403611111111195e+00	3.072625698324022436e-01	3.476364878810189740e-01
1.760650000000000048e+00	3.086592178770949935e-01	3.488935537758941496e-01
1.778243888888888957e+00	3.100558659217877433e-01	3.500830102685235645e-01
1.785006944444444299e+00	3.114525139664804376e-01	3.505344042960209516e-01
1.795910833333333567e+00	3.128491620111731875e-01	3.512554398145029122e-01
1.815776944444444263e+00	3.142458100558659373e-01	3.525480241437778939e-01
1.823178888888888904e+00	3.156424581005586871e-01	3.530227587708882342e-01
1.842997777777777957e+00	3.170391061452513815e-01	3.542758071766100580e-01
1.958209722222222338e+00	3.184357541899441313e-01	3.610642969608178765e-01
1.960328611111111119e+00	3.198324022346368811e-01	3.611815956394323068e-01
2.109960277777777726e+00	3.212290502793296310e-01	3.688369205220393132e-01
2.143041388888888843e+00	3.226256983240223808e-01	3.703726711105770897e-01
2.190738611111111123e+00	3.240223463687150751e-01	3.724948869055539347e-01
2.234025277777777596e+00	3.254189944134078250e-01	3.743307550663613759e-01
2.355573611111111187e+00	3.268156424581005748e-01	3.790601972003755371e-01
2.365075277777778151e+00	3.282122905027933246e-01	3.794050272335331986e-01
2.367709722222222091e+00	3.296089385474860189e-01	3.795000260216879195e-01
2.427621944444444679e+00	3.310055865921787688e-01	3.815908461254763906e-01
2.430782499999999846e+00	3.324022346368715186e-01	3.816975236543785344e-01
2.432985555555555290e+00	3.337988826815642684e-01	3.817716732209312513e-01
2.536341666666666494e+00	3.351955307262570183e-01	3.850639790899851866e-01
2.609483333333333377e+00	3.365921787709497126e-01	3.871865898717192223e-01
2.641268333333333551e+00	3.379888268156424624e-01	3.880592637642084064e-01
2.649954722222222170e+00	3.393854748603352123e-01	3.882927157499441173e-01
2.651339722222222139e+00	3.407821229050279621e-01	3.883297415153615373e-01
2.687321388888888940e+00	3.421787709497206564e-01	3.892729736296859366e-01
2.699910000000000032e+00	3.435754189944134063e-01	3.895946269362199899e-01
2.739896666666666647e+00	3.449720670391061561e-01	3.905885078530312859e-01
2.744834166666666686e+00	3.463687150837989059e-01	3.907083539658541826e-01
2.753775555555555865e+00	3.477653631284916558e-01	3.909238056541706752e-01
2.789631944444444400e+00	3.491620111731843501e-01	3.917677111695818670e-01
2.797000277777777377e+00	3.505586592178770999e-01	3.919372189553614882e-01
2.831627500000000186e+00	3.519553072625698498e-01	3.927164384863942037e-01
2.861539722222222082e+00	3.533519553072625996e-01	3.933670616382546337e-01
2.867723333333333180e+00	3.547486033519552939e-01	3.934990250288499802e-01
2.875617222222222047e+00	3.561452513966480438e-01	3.936662435355330336e-01
2.921714166666666834e+00	3.575418994413407936e-01	3.946154556390896739e-01
2.979945277777777957e+00	3.589385474860335434e-01	3.957505180631802899e-01
2.984963333333333413e+00	3.603351955307262933e-01	3.958451139768255911e-01
2.988395555555555472e+00	3.617318435754189876e-01	3.959095279530376321e-01
3.015693333333333115e+00	3.631284916201117374e-01	3.964136330781210527e-01
3.036401666666666888e+00	3.645251396648044873e-01	3.967865029495583062e-01
3.051936388888888629e+00	3.659217877094972371e-01	3.970609293320436772e-01
3.057860000000000245e+00	3.673184357541899314e-01	3.971643956253103624e-01
3.071559166666666396e+00	3.687150837988826813e-01	3.974012183275499321e-01
3.078121944444444313e+00	3.701117318435754311e-01	3.975134671060257530e-01
3.115491666666666770e+00	3.715083798882681809e-01	3.981380598548933114e-01
3.310624166666666479e+00	3.729050279329609308e-01	4.010286511359480444e-01
3.336575555555555628e+00	3.743016759776536251e-01	4.013702549444069789e-01
3.441215833333333585e+00	3.756983240223463749e-01	4.026567578056516328e-01
3.501595277777777682e+00	3.770949720670391248e-01	4.033370995230509681e-01
3.551094166666666663e+00	3.784916201117318746e-01	4.038634665608736296e-01
3.556251944444444479e+00	3.798882681564245689e-01	4.039167523556540518e-01
3.625130555555555301e+00	3.812849162011173187e-01	4.046012963537903295e-01
3.634924166666666956e+00	3.826815642458100686e-01	4.046946605325326685e-01
3.778121111111111485e+00	3.840782122905028184e-01	4.059553358384554445e-01
3.804773611111111009e+00	3.854748603351955683e-01	4.061697131775987013e-01
3.861030555555555299e+00	3.868715083798882626e-01	4.066029359178549019e-01
3.981980277777778188e+00	3.882681564245810124e-01	4.074518354216328242e-01
4.047607777777778360e+00	3.896648044692737622e-01	4.078691603324449133e-01
4.059638888888889241e+00	3.910614525139665121e-01	4.079425873879262698e-01
4.104794166666666300e+00	3.924581005586592064e-01	4.082100251527217560e-01
4.375784166666666586e+00	3.938547486033519562e-01	4.095734159609277780e-01
4.376401944444444858e+00	3.952513966480447061e-01	4.095761008813324500e-01
4.421409166666666835e+00	3.966480446927374559e-01	4.097670822570243510e-01
4.605000000000000426e+00	3.980446927374302057e-01	4.104588051603587640e-01
4.617990555555555154e+00	3.994413407821229001e-01	4.105028701072793162e-01
4.664487777777777566e+00	4.008379888268156499e-01	4.106557436075740086e-01
4.665206944444443948e+00	4.022346368715083997e-01	4.106580498057074702e-01
4.805988055555555860e+00	4.036312849162011496e-01	4.110774789739797819e-01
4.922063055555555344e+00	4.050279329608938439e-01	4.113794757621918596e-01
5.013968055555555914e+00	4.064245810055865937e-01	4.115937415500927621e-01
5.287422222222222246e+00	4.078212290502793436e-01	4.121213333348835994e-01
5.799809722222222241e+00	4.092178770949720934e-01	4.127806662317969888e-01
5.901548888888888733e+00	4.106145251396648432e-01	4.128743241769745054e-01
6.195428333333333981e+00	4.120111731843575376e-01	4.130947697247192019e-01
6.610309166666667124e+00	4.134078212290502874e-01	4.133099152869472714e-01
6.634814444444444348e+00	4.148044692737430372e-01	4.133199194214072780e-01
7.134334444444443868e+00	4.162011173184357871e-01	4.134764682612458997e-01
7.436001111111110617e+00	4.175977653631284814e-01	4.135380262702439969e-01
7.571264166666666462e+00	4.189944134078212312e-01	4.135598831022794242e-01
7.790651666666667197e+00	4.203910614525139811e-01	4.135893365886359474e-01
7.799578888888889061e+00	4.217877094972067309e-01	4.135903970132571161e-01
7.922010833333334112e+00	4.231843575418994807e-01	4.136039778197875272e-01
7.987561666666667115e+00	4.245810055865921750e-01	4.136105607236256199e-01
8.063095000000000567e+00	4.259776536312849249e-01	4.136176036187866334e-01
8.406832222222222484e+00	4.273743016759776747e-01	4.136434403681870653e-01
8.827116666666666944e+00	4.287709497206704246e-01	4.136646266266549854e-01
8.833543611111110749e+00	4.301675977653631189e-01	4.136648833267060343e-01
9.088001666666666978e+00	4.315642458100558687e-01	4.136737690626560715e-01
9.807664722222222409e+00	4.329608938547486185e-01	4.136891352476985140e-01
1.024200388888888824e+01	4.343575418994413684e-01	4.136941123520699870e-01
1.024634805555555594e+01	4.357541899441341182e-01	4.136941515333343866e-01
1.039518583333333446e+01	4.371508379888268125e-01	4.136953913426983931e-01
1.045595277777777810e+01	4.385474860335195624e-01	4.136958443419523346e-01
1.046238416666666637e+01	4.399441340782123122e-01	4.136958906150209891e-01
1.080266305555555562e+01	4.413407821229050620e-01	4.136979423018103952e-01
1.086788499999999935e+01	4.427374301675977564e-01	4.136982585930388812e-01
1.100479249999999887e+01	4.441340782122905062e-01	4.136988562546213832e-01
1.106793638888889042e+01	4.455307262569832560e-01	4.136991043658888589e-01
1.131447861111111131e+01	4.469273743016760059e-01	4.136999308158450517e-01
1.175567555555555543e+01	4.483240223463687557e-01	4.137009734896191504e-01
1.193428055555555645e+01	4.497206703910614500e-01	4.137012794493957757e-01
1.198939944444444450e+01	4.511173184357541999e-01	4.137013634377043614e-01
1.213408527777777834e+01	4.525139664804469497e-01	4.137015636530082530e-01
1.299917944444444551e+01	4.539106145251396995e-01	4.137023556925664702e-01
1.363514361111111128e+01	4.553072625698323939e-01	4.137027615295044147e-01
1.363978750000000062e+01	4.567039106145251437e-01	4.137027646016465665e-01
1.365144305555555526e+01	4.581005586592178935e-01	4.137027723379866906e-01
1.390651055555555615e+01	4.594972067039106434e-01	4.137029539762080987e-01
1.395703888888888855e+01	4.608938547486033932e-01	4.137029936463917368e-01
1.396572805555555519e+01	4.622905027932960875e-01	4.137030006225289602e-01
1.402051055555555692e+01	4.636871508379888374e-01	4.137030457301220654e-01
1.413671861111111028e+01	4.650837988826815872e-01	4.137031486368025202e-01
1.418118305555555558e+01	4.664804469273743370e-01	4.137031909690422893e-01
1.472361694444444424e+01	4.678770949720670314e-01	4.137039040165912951e-01
1.525172722222222177e+01	4.692737430167597812e-01	4.137052143494513445e-01
1.552327416666666515e+01	4.706703910614525310e-01	4.137063155076960985e-01
1.560153222222222347e+01	4.720670391061452809e-01	4.137067108569726925e-01
1.560237194444444420e+01	4.734636871508380307e-01	4.137067153189232238e-01
1.564709277777777707e+01	4.748603351955307250e-01	4.137069600644084355e-01
1.576303249999999956e+01	4.762569832402234749e-01	4.137076644624327337e-01
1.647140222222222405e+01	4.776536312849162247e-01	4.137152622598309626e-01
1.685199888888888964e+01	4.790502793296089745e-01	4.137233455092008683e-01
1.703484555555555602e+01	4.804469273743016688e-01	4.137289059815126291e-01
1.714073861111111086e+01	4.818435754189944187e-01	4.137327863665609673e-01
1.723063138888888801e+01	4.832402234636871685e-01	4.137365276094787103e-01
1.755660027777777898e+01	4.846368715083799183e-01	4.137544385944483816e-01
1.781714138888888854e+01	4.860335195530726682e-01	4.137753591631569972e-01
1.809844000000000008e+01	4.874301675977653625e-01	4.138075335696544954e-01
1.851337361111111335e+01	4.888268156424581123e-01	4.138827233149229290e-01
1.854814638888889178e+01	4.902234636871508622e-01	4.138910681823015913e-01
1.856993222222222073e+01	4.916201117318436120e-01	4.138964923659403383e-01
1.905916222222221990e+01	4.930167597765363063e-01	4.140693047523676396e-01
1.921463888888888860e+01	4.944134078212290562e-01	4.141516342699672615e-01
2.044742361111111251e+01	4.958100558659218060e-01	4.159404310043539610e-01
2.059839944444444271e+01	4.972067039106145558e-01	4.164269282493106017e-01
2.132407972222222270e+01	4.986033519553073057e-01	4.207155976356534710e-01
2.145175472222222268e+01	5.000000000000000000e-01	4.219849286298405500e-01
2.157897694444444170e+01	5.013966480446927498e-01	4.234782385826644791e-01
2.174423611111111043e+01	5.027932960893854997e-01	4.258270590958013191e-01
2.194122111111110840e+01	5.041899441340782495e-01	4.293749055135237525e-01
2.210784722222222243e+01	5.055865921787709993e-01	4.331752002643801669e-01
2.246379666666666708e+01	5.069832402234637492e-01	4.446661223075475400e-01
2.306087277777777800e+01	5.083798882681563880e-01	4.811130570173488552e-01
2.377938722222221912e+01	5.097765363128491378e-01	5.856219995820070023e-01
2.401101361111111387e+01	5.111731843575418877e-01	6.461898730476125507e-01
2.401686111111111188e+01	5.125698324022346375e-01	6.479680304270662994e-01
2.401728472222222521e+01	5.139664804469273873e-01	6.480973727433031462e-01
2.401731111111111261e+01	5.153631284916201372e-01	6.481054324959694135e-01
2.401814999999999856e+01	5.167597765363128870e-01	6.483617922809208345e-01
2.401855194444444308e+01	5.181564245810056368e-01	6.484847236039916751e-01
2.401877888888889245e+01	5.195530726256983867e-01	6.485541610946533586e-01
2.401885250000000127e+01	5.209497206703910255e-01	6.485766880694978642e-01
2.402060805555555589e+01	5.223463687150837753e-01	6.491145759063232656e-01
2.402201194444444354e+01	5.237430167597765251e-01	6.495456022289249898e-01
2.402222611111110950e+01	5.251396648044692750e-01	6.496114256867399073e-01
2.402295111111110870e+01	5.265363128491620248e-01	6.498343885679638277e-01
2.402439277777777704e+01	5.279329608938547747e-01	6.502783778745520049e-01
2.402448527777777798e+01	5.293296089385475245e-01	6.503068935330422740e-01
2.402479749999999825e+01	5.307262569832402743e-01	6.504031699676728895e-01
2.402544361111111115e+01	5.321229050279330242e-01	6.506025283780240143e-01
2.402634166666666715e+01	5.335195530726256630e-01	6.508799034833034902e-01
2.402730111111111100e+01	5.349162011173184128e-01	6.511765981090824607e-01
2.402822861111111408e+01	5.363128491620111626e-01	6.514637671795023843e-01
2.402983555555555384e+01	5.377094972067039125e-01	6.519621255579264307e-01
2.403012916666666499e+01	5.391061452513966623e-01	6.520532953703342960e-01
2.403042777777777772e+01	5.405027932960894121e-01	6.521460535257408431e-01
2.403058083333333173e+01	5.418994413407821620e-01	6.521936114654923733e-01
2.403065805555555556e+01	5.432960893854749118e-01	6.522176098155789692e-01
2.403110833333333574e+01	5.446927374301676616e-01	6.523575907415918307e-01
2.403129694444444198e+01	5.460893854748603005e-01	6.524162499753812794e-01
2.403223166666666799e+01	5.474860335195530503e-01	6.527071672737453367e-01
2.403231277777777919e+01	5.488826815642458001e-01	6.527324285172635410e-01
2.403232055555555746e+01	5.502793296089385500e-01	6.527348509685680922e-01
2.403342833333333317e+01	5.516759776536312998e-01	6.530801281286038318e-01
2.403402388888888908e+01	5.530726256983240496e-01	6.532659596585832507e-01
2.403414555555555410e+01	5.544692737430167995e-01	6.533039411185830314e-01
2.403423833333333448e+01	5.558659217877095493e-01	6.533329081964458496e-01
2.403431055555555318e+01	5.572625698324022991e-01	6.533554598428478188e-01
2.403537888888888929e+01	5.586592178770949380e-01	6.536892987369512520e-01
2.403573861111111043e+01	5.600558659217876878e-01	6.538018114117631896e-01
2.403672555555555590e+01	5.614525139664804376e-01	6.541107754587195400e-01
2.403768250000000251e+01	5.628491620111731875e-01	6.544107276042354648e-01
2.403810027777777591e+01	5.642458100558659373e-01	6.545417964662253452e-01
2.403832666666666640e+01	5.656424581005586871e-01	6.546128509617110680e-01
2.403995722222222398e+01	5.670391061452514370e-01	6.551252373016722697e-01
2.404012611111111042e+01	5.684357541899441868e-01	6.551783712490597544e-01
2.404085305555555507e+01	5.698324022346369366e-01	6.554072079670010265e-01
2.404088305555555749e+01	5.712290502793295754e-01	6.554166564024316299e-01
2.404171611111111062e+01	5.726256983240223253e-01	6.556791730363761284e-01
2.404343833333333080e+01	5.740223463687150751e-01	6.562227926527381960e-01
2.404378833333333532e+01	5.754189944134078250e-01	6.563334194169874181e-01
2.404510888888889042e+01	5.768156424581005748e-01	6.567512705313159893e-01
2.404532805555555441e+01	5.782122905027933246e-01	6.568206889941691218e-01
2.404559500000000227e+01	5.796089385474860745e-01	6.569052672879814869e-01
2.404623861111111083e+01	5.810055865921788243e-01	6.571093091191050339e-01
2.404662194444444623e+01	5.824022346368715741e-01	6.572309173089512235e-01
2.404797388888889031e+01	5.837988826815642129e-01	6.576602916827434253e-01
2.404839055555555660e+01	5.851955307262569628e-01	6.577927765881551592e-01
2.404877194444444299e+01	5.865921787709497126e-01	6.579141075057156618e-01
2.404878583333333353e+01	5.879888268156424624e-01	6.579185271038939797e-01
2.404959333333333049e+01	5.893854748603352123e-01	6.581756200967349146e-01
2.405199416666666679e+01	5.907821229050279621e-01	6.589416004936903271e-01
2.405310166666666660e+01	5.921787709497207119e-01	6.592957542876112242e-01
2.405511277777777934e+01	5.935754189944134618e-01	6.599401708686433166e-01
2.405612888888888889e+01	5.949720670391062116e-01	6.602664041629431324e-01
2.405776333333333383e+01	5.963687150837988504e-01	6.607920669729886454e-01
2.405782194444444499e+01	5.977653631284916003e-01	6.608109380201789840e-01
2.406077694444444504e+01	5.991620111731843501e-01	6.617642311894869067e-01
2.406300194444444429e+01	6.005586592178770999e-01	6.624844501365835248e-01
2.406476833333333332e+01	6.019553072625698498e-01	6.630577081475965695e-01
2.406478638888888710e+01	6.033519553072625996e-01	6.630635746528674712e-01
2.406531722222222314e+01	6.047486033519553494e-01	6.632361115997952306e-01
2.406569722222221941e+01	6.061452513966480993e-01	6.633596964482361136e-01
2.406664305555555217e+01	6.075418994413408491e-01	6.636675693089650885e-01
2.406680444444444333e+01	6.089385474860334879e-01	6.637201399990463324e-01
2.406685888888888769e+01	6.103351955307262378e-01	6.637378771835986679e-01
2.406703222222222394e+01	6.117318435754189876e-01	6.637943549681319944e-01
2.406830055555555603e+01	6.131284916201117374e-01	6.642080086824823093e-01
2.406885611111110990e+01	6.145251396648044873e-01	6.643894127557057327e-01
2.406994750000000138e+01	6.159217877094972371e-01	6.647461636634947046e-01
2.407089944444444285e+01	6.173184357541899869e-01	6.650577477734735954e-01
2.407263944444444093e+01	6.187150837988827368e-01	6.656282727733682236e-01
2.407295027777777818e+01	6.201117318435754866e-01	6.657303275172044010e-01
2.407469194444444582e+01	6.215083798882681254e-01	6.663029277008509776e-01
2.407614555555555569e+01	6.229050279329608752e-01	6.667818209684283071e-01
2.407724555555555668e+01	6.243016759776536251e-01	6.671448201808102274e-01
2.407917583333333056e+01	6.256983240223463749e-01	6.677830693867226053e-01
2.407942277777777917e+01	6.270949720670391248e-01	6.678648378151335052e-01
2.408067083333333258e+01	6.284916201117318746e-01	6.682784976505315999e-01
2.408116527777777804e+01	6.298882681564246244e-01	6.684425641557208975e-01
2.408173999999999992e+01	6.312849162011173743e-01	6.686334013100495577e-01
2.408182944444444473e+01	6.326815642458101241e-01	6.686631142910128833e-01
2.408595777777777869e+01	6.340782122905027629e-01	6.700383005561036942e-01
2.408771666666666533e+01	6.354748603351955127e-01	6.706264538017431276e-01
2.408834027777777465e+01	6.368715083798882626e-01	6.708353064405567778e-01
2.408876444444444331e+01	6.382681564245810124e-01	6.709774604502033446e-01
2.408931194444444301e+01	6.396648044692737622e-01	6.711610642359499002e-01
2.409072277777777771e+01	6.410614525139665121e-01	6.716347903981078060e-01
2.409078722222222169e+01	6.424581005586592619e-01	6.716564502010499149e-01
2.409105499999999722e+01	6.438547486033520117e-01	6.717464698992017258e-01
2.409125194444444418e+01	6.452513966480447616e-01	6.718126973811225922e-01
2.409236611111111159e+01	6.466480446927374004e-01	6.721876839191215369e-01
2.409354388888888820e+01	6.480446927374301502e-01	6.725846719076259417e-01
2.409575027777777834e+01	6.494413407821229001e-01	6.733300106693528297e-01
2.409620166666666563e+01	6.508379888268156499e-01	6.734827582597343598e-01
2.410034861111111226e+01	6.522346368715083997e-01	6.748902741650222303e-01
2.410197722222222438e+01	6.536312849162011496e-01	6.754451249391688616e-01
2.410361694444444325e+01	6.550279329608938994e-01	6.760049519389053074e-01
2.410445277777777662e+01	6.564245810055866492e-01	6.762907791855545803e-01
2.410459305555555787e+01	6.578212290502793991e-01	6.763387800412662409e-01
2.410609861111111130e+01	6.592178770949720379e-01	6.768545103260855678e-01
2.410950166666666661e+01	6.606145251396647877e-01	6.780239667232879075e-01
2.411043611111111318e+01	6.620111731843575376e-01	6.783459960467160821e-01
2.411100222222222200e+01	6.634078212290502874e-01	6.785412807236458343e-01
2.411101277777777696e+01	6.648044692737430372e-01	6.785449233174012384e-01
2.411479805555555700e+01	6.662011173184357871e-01	6.798544122872192119e-01
2.411574083333333363e+01	6.675977653631285369e-01	6.801815651961806708e-01
2.411611027777777849e+01	6.689944134078212867e-01	6.803098755938254971e-01
2.411913388888888932e+01	6.703910614525140366e-01	6.813623195124609566e-01
2.411922750000000093e+01	6.717877094972066754e-01	6.813949694344226815e-01
2.411990416666666803e+01	6.731843575418994252e-01	6.816310974349034657e-01
2.412037277777777788e+01	6.745810055865921750e-01	6.817947449178162200e-01
2.412046944444444563e+01	6.759776536312849249e-01	6.818285151017680068e-01
2.412129305555555447e+01	6.773743016759776747e-01	6.821164135255897154e-01
2.412185361111110993e+01	6.787709497206704246e-01	6.823125360077798573e-01
2.412201611111111177e+01	6.801675977653631744e-01	6.823694169341015803e-01
2.412238444444444596e+01	6.815642458100559242e-01	6.824983916314882881e-01
2.412444499999999792e+01	6.829608938547486741e-01	6.832210535789129402e-01
2.412472916666666478e+01	6.843575418994413129e-01	6.833208666199760417e-01
2.412609166666666383e+01	6.857541899441340627e-01	6.837999560991809833e-01
2.412700666666666649e+01	6.871508379888268125e-01	6.841221709769879089e-01
2.412808444444444689e+01	6.885474860335195624e-01	6.845022007074894610e-01
2.412810277777777657e+01	6.899441340782123122e-01	6.845086697482171134e-01
2.413004972222222477e+01	6.913407821229050620e-01	6.851965426306880769e-01
2.413038555555555575e+01	6.927374301675978119e-01	6.853153721154056077e-01
2.413118611111111278e+01	6.941340782122905617e-01	6.855988462509404746e-01
2.413314305555555705e+01	6.955307262569833116e-01	6.862930401222370191e-01
2.413471694444444537e+01	6.969273743016759504e-01	6.868526370643682766e-01
2.414051027777777847e+01	6.983240223463687002e-01	6.889223744444977759e-01
2.414630388888889101e+01	6.997206703910614500e-01	6.910078952019809151e-01
2.414668972222222010e+01	7.011173184357541999e-01	6.911473432143123707e-01
2.414860694444444533e+01	7.025139664804469497e-01	6.918413069567483920e-01
2.416547416666666592e+01	7.039106145251396995e-01	6.980219186190114167e-01
2.416804527777777878e+01	7.053072625698324494e-01	6.989760323537342890e-01
2.416863305555555641e+01	7.067039106145251992e-01	6.991946000927223848e-01
2.417356305555555807e+01	7.081005586592179490e-01	7.010344473585957692e-01
2.417620805555555563e+01	7.094972067039105879e-01	7.020264282216420737e-01
2.417848916666666881e+01	7.108938547486033377e-01	7.028846861292753490e-01
2.417982722222222236e+01	7.122905027932960875e-01	7.033893119095252500e-01
2.418051166666666774e+01	7.136871508379888374e-01	7.036477792675940313e-01
2.418199000000000254e+01	7.150837988826815872e-01	7.042068308319366921e-01
2.418224027777777962e+01	7.164804469273743370e-01	7.043015833634438394e-01
2.418264916666666409e+01	7.178770949720670869e-01	7.044564508860307050e-01
2.418504361111111223e+01	7.192737430167598367e-01	7.053650099445731847e-01
2.418591611111110851e+01	7.206703910614525865e-01	7.056967806538407828e-01
2.418637611111110886e+01	7.220670391061452253e-01	7.058718489248332340e-01
2.418699333333333357e+01	7.234636871508379752e-01	7.061069182513027842e-01
2.418768888888888569e+01	7.248603351955307250e-01	7.063720475224825046e-01
2.418796222222222170e+01	7.262569832402234749e-01	7.064763014872446067e-01
2.419009972222222160e+01	7.276536312849162247e-01	7.072928619981876386e-01
2.419169249999999849e+01	7.290502793296089745e-01	7.079028100287017011e-01
2.419214222222222332e+01	7.304469273743017244e-01	7.080752586925788128e-01
2.419245333333333292e+01	7.318435754189944742e-01	7.081946152481590762e-01
2.419321000000000055e+01	7.332402234636872240e-01	7.084851094666174687e-01
2.419357083333333236e+01	7.346368715083798628e-01	7.086237389857787949e-01
2.419395138888889107e+01	7.360335195530726127e-01	7.087700162753671762e-01
2.419502333333333510e+01	7.374301675977653625e-01	7.091824385586245061e-01
2.419526583333333036e+01	7.388268156424581123e-01	7.092758184721439374e-01
2.419600611111111022e+01	7.402234636871508622e-01	7.095610611616316454e-01
2.419609444444444435e+01	7.416201117318436120e-01	7.095951160030923299e-01
2.419681500000000085e+01	7.430167597765363618e-01	7.098730557131430752e-01
2.419776444444444508e+01	7.444134078212291117e-01	7.102396833623214611e-01
2.419852638888889018e+01	7.458100558659218615e-01	7.105342361788449246e-01
2.419904138888889022e+01	7.472067039106145003e-01	7.107334907968007043e-01
2.419921027777778022e+01	7.486033519553072502e-01	7.107988633940142131e-01
2.419997888888888937e+01	7.500000000000000000e-01	7.110965550049421768e-01
2.420006999999999664e+01	7.513966480446927498e-01	7.111318631185805650e-01
2.420131111111111011e+01	7.527932960893854997e-01	7.116132462050067664e-01
2.420350000000000179e+01	7.541899441340782495e-01	7.124641382749782315e-01
2.420581111111111028e+01	7.555865921787709993e-01	7.133651798859752535e-01
2.420612111111110920e+01	7.569832402234637492e-01	7.134862472763070507e-01
2.420727055555555651e+01	7.583798882681564990e-01	7.139355783471944550e-01
2.420954638888888866e+01	7.597765363128491378e-01	7.148272155851134180e-01
2.420999527777777516e+01	7.611731843575418877e-01	7.150033959028579966e-01
2.420999972222222141e+01	7.625698324022346375e-01	7.150051407776835122e-01
2.421130916666666621e+01	7.639664804469273873e-01	7.155196648297045270e-01
2.421157249999999905e+01	7.653631284916201372e-01	7.156232432771459928e-01
2.421271972222222146e+01	7.667597765363128870e-01	7.160749018491878726e-01
2.421273277777777722e+01	7.681564245810056368e-01	7.160800456757413501e-01
2.421473861111110892e+01	7.695530726256983867e-01	7.168713748150495890e-01
2.421552416666666829e+01	7.709497206703911365e-01	7.171818514472962924e-01
2.421618555555555474e+01	7.723463687150837753e-01	7.174434999821721615e-01
2.421916638888888684e+01	7.737430167597765251e-01	7.186255338202907073e-01
2.421982750000000095e+01	7.751396648044692750e-01	7.188883165843309442e-01
2.421985916666666583e+01	7.765363128491620248e-01	7.189009093399175709e-01
2.422076194444444397e+01	7.779329608938547747e-01	7.192601319828856310e-01
2.422253916666666740e+01	7.793296089385475245e-01	7.199685391382077970e-01
2.422333166666666671e+01	7.807262569832402743e-01	7.202849617300102203e-01
2.422393277777777598e+01	7.821229050279330242e-01	7.205251862162649346e-01
2.422480611111111060e+01	7.835195530726257740e-01	7.208745354145951190e-01
2.422539027777777676e+01	7.849162011173184128e-01	7.211084346830437530e-01
2.422579305555555607e+01	7.863128491620111626e-01	7.212698098992205153e-01
2.422677972222222564e+01	7.877094972067039125e-01	7.216654815647667309e-01
2.422893833333333191e+01	7.891061452513966623e-01	7.225329006073928362e-01
2.422954222222222143e+01	7.905027932960894121e-01	7.227760051546074926e-01
2.423057944444444445e+01	7.918994413407821620e-01	7.231940012449689092e-01
2.423206444444444330e+01	7.932960893854749118e-01	7.237934340979912395e-01
2.423216749999999919e+01	7.946927374301676616e-01	7.238350764028562701e-01
2.423223277777777795e+01	7.960893854748604115e-01	7.238614564969703125e-01
2.423548999999999864e+01	7.974860335195530503e-01	7.251806204448693061e-01
2.423599000000000103e+01	7.988826815642458001e-01	7.253836148893099134e-01
2.423609361111111227e+01	8.002793296089385500e-01	7.254256963939198499e-01
2.423674055555555640e+01	8.016759776536312998e-01	7.256885804782046145e-01
2.423784694444444199e+01	8.030726256983240496e-01	7.261386724125137304e-01
2.423824749999999995e+01	8.044692737430167995e-01	7.263017831426721305e-01
2.423881944444444514e+01	8.058659217877095493e-01	7.265348329701249996e-01
2.424004194444444238e+01	8.072625698324022991e-01	7.270335469815060181e-01
2.424089000000000027e+01	8.086592178770950490e-01	7.273799748582415736e-01
2.424155805555555432e+01	8.100558659217876878e-01	7.276531430160184666e-01
2.424171999999999727e+01	8.114525139664804376e-01	7.277193979732634599e-01
2.424331888888888997e+01	8.128491620111731875e-01	7.283742887931565768e-01
2.424391194444444508e+01	8.142458100558659373e-01	7.286175462294656180e-01
2.424519833333333452e+01	8.156424581005586871e-01	7.291458392141489941e-01
2.424824833333333274e+01	8.170391061452514370e-01	7.304019547605357099e-01
2.424876555555555413e+01	8.184357541899441868e-01	7.306154636550791226e-01
2.425115638888888725e+01	8.198324022346369366e-01	7.316042696278620694e-01
2.425564444444444590e+01	8.212290502793296865e-01	7.334687884982723505e-01
2.425790916666666774e+01	8.226256983240223253e-01	7.344137926003616590e-01
2.426230138888888987e+01	8.240223463687150751e-01	7.362545096341864825e-01
2.426323361111111154e+01	8.254189944134078250e-01	7.366465476013955849e-01
2.426829277777778060e+01	8.268156424581005748e-01	7.387824610399194025e-01
2.427007111111111115e+01	8.282122905027933246e-01	7.395366006764775291e-01
2.427180749999999776e+01	8.296089385474860745e-01	7.402746409474786349e-01
2.427350111111111275e+01	8.310055865921788243e-01	7.409961092369904412e-01
2.428264361111111214e+01	8.324022346368715741e-01	7.449183749284906675e-01
2.428600555555555474e+01	8.337988826815643240e-01	7.463724887518640161e-01
2.429629611111111132e+01	8.351955307262569628e-01	7.508631726333678813e-01
2.429934861111111033e+01	8.365921787709497126e-01	7.522068707201957638e-01
2.430388611111111175e+01	8.379888268156424624e-01	7.542141627103281509e-01
2.430577861111111204e+01	8.393854748603352123e-01	7.550548773419289983e-01
2.431206472222222459e+01	8.407821229050279621e-01	7.578623139560287658e-01
2.431226472222222412e+01	8.421787709497207119e-01	7.579520138422543019e-01
2.431230833333333408e+01	8.435754189944134618e-01	7.579715765053277599e-01
2.431254611111111075e+01	8.449720670391062116e-01	7.580782561858137036e-01
2.431561694444444655e+01	8.463687150837989615e-01	7.594589682718808632e-01
2.431679111111111169e+01	8.477653631284916003e-01	7.599883603950310373e-01
2.431756111111111096e+01	8.491620111731843501e-01	7.603359673989085188e-01
2.432101972222222130e+01	8.505586592178770999e-01	7.619016233490956136e-01
2.432302138888888621e+01	8.519553072625698498e-01	7.628109733323654718e-01
2.432479166666666615e+01	8.533519553072625996e-01	7.636171828932006855e-01
2.432866999999999891e+01	8.547486033519553494e-01	7.653899441954550298e-01
2.433290722222222158e+01	8.561452513966480993e-01	7.673370193021578078e-01
2.435480888888888984e+01	8.575418994413408491e-01	7.775743950096988266e-01
2.435797138888888824e+01	8.589385474860335989e-01	7.790769117662696974e-01
2.435806722222222120e+01	8.603351955307262378e-01	7.791225393006938615e-01
2.436156055555555611e+01	8.617318435754189876e-01	7.807896573021981812e-01
2.439203000000000188e+01	8.631284916201117374e-01	7.956568353729274179e-01
2.439709361111111008e+01	8.645251396648044873e-01	7.981852626307479603e-01
2.439808055555555555e+01	8.659217877094972371e-01	7.986800220073589918e-01
2.440035583333333236e+01	8.673184357541899869e-01	7.998230553675310661e-01
2.440241444444444241e+01	8.687150837988827368e-01	8.008601658165911408e-01
2.440455611111111267e+01	8.701117318435754866e-01	8.019420755467087103e-01
2.440457083333333443e+01	8.715083798882682364e-01	8.019495232525202244e-01
2.440664611111111171e+01	8.729050279329608752e-01	8.030007995299772716e-01
2.440674277777777945e+01	8.743016759776536251e-01	8.030498374202489353e-01
2.441062083333333277e+01	8.756983240223463749e-01	8.050222335613981262e-01
2.441103277777777691e+01	8.770949720670391248e-01	8.052323365058797755e-01
2.441399888888888725e+01	8.784916201117318746e-01	8.067484683454521077e-01
2.441457805555555538e+01	8.798882681564246244e-01	8.070451945929063564e-01
2.441508083333333090e+01	8.812849162011173743e-01	8.073029659194228547e-01
2.441555555555555657e+01	8.826815642458101241e-01	8.075465083694696178e-01
2.441564500000000137e+01	8.840782122905028739e-01	8.075924121125633848e-01
2.441983916666666588e+01	8.854748603351955127e-01	8.097509166891875276e-01
2.443183388888888885e+01	8.868715083798882626e-01	8.159894414739577995e-01
2.443457388888888815e+01	8.882681564245810124e-01	8.174282638291646697e-01
2.443625444444444383e+01	8.896648044692737622e-01	8.183132981477884149e-01
2.445688249999999897e+01	8.910614525139665121e-01	8.293360642639626690e-01
2.446876722222222256e+01	8.924581005586592619e-01	8.358225860477215274e-01
2.447049805555555579e+01	8.938547486033520117e-01	8.367756592995481135e-01
2.447370527777777838e+01	8.952513966480447616e-01	8.385473891312786865e-01
2.447898666666666756e+01	8.966480446927375114e-01	8.414811109508926190e-01
2.451174777777777791e+01	8.980446927374301502e-01	8.601374059828583718e-01
2.451844083333333302e+01	8.994413407821229001e-01	8.640478215211342405e-01
2.451896194444444532e+01	9.008379888268156499e-01	8.643537138929149322e-01
2.451959611111111315e+01	9.022346368715083997e-01	8.647262502012970087e-01
2.452060638888888988e+01	9.036312849162011496e-01	8.653203662719413103e-01
2.452172361111110988e+01	9.050279329608938994e-01	8.659782846750433416e-01
2.452358000000000260e+01	9.064245810055866492e-01	8.670736093234190367e-01
2.452930694444444626e+01	9.078212290502793991e-01	8.704694196696084463e-01
2.453258916666666423e+01	9.092178770949721489e-01	8.724270777753310169e-01
2.453300277777777794e+01	9.106145251396647877e-01	8.726743677150173850e-01
2.456228944444444551e+01	9.120111731843575376e-01	8.905274843351652647e-01
2.456340333333332993e+01	9.134078212290502874e-01	8.912200505405700746e-01
2.456616416666666680e+01	9.148044692737430372e-01	8.929409525324877306e-01
2.456820166666666694e+01	9.162011173184357871e-01	8.942149574824539426e-01
2.456917111111111041e+01	9.175977653631285369e-01	8.948223187892708763e-01
2.457137166666666417e+01	9.189944134078212867e-01	8.962038273572787705e-01
2.457288722222222077e+01	9.203910614525140366e-01	8.971575991571834052e-01
2.457415388888888685e+01	9.217877094972067864e-01	8.979561859968309134e-01
2.458037861111111155e+01	9.231843575418994252e-01	9.018998559696168593e-01
2.458603166666666695e+01	9.245810055865921750e-01	9.055091675311733868e-01
2.458885388888888812e+01	9.259776536312849249e-01	9.073210482934771504e-01
2.458895333333333610e+01	9.273743016759776747e-01	9.073850137280466965e-01
2.459012055555555420e+01	9.287709497206704246e-01	9.081364234552059544e-01
2.459217333333333144e+01	9.301675977653631744e-01	9.094606929310561361e-01
2.459220333333333386e+01	9.315642458100559242e-01	9.094800725335553393e-01
2.459261500000000211e+01	9.329608938547486741e-01	9.097460802805612534e-01
2.459420277777777741e+01	9.343575418994414239e-01	9.107733964018331907e-01
2.459546027777777866e+01	9.357541899441340627e-01	9.115885273863200133e-01
2.459927111111111131e+01	9.371508379888268125e-01	9.140669411532816868e-01
2.461577388888888862e+01	9.385474860335195624e-01	9.249428719129156873e-01
2.461711277777777696e+01	9.399441340782123122e-01	9.258355477742354900e-01
2.461734638888889037e+01	9.413407821229050620e-01	9.259914626755116895e-01
2.462413666666666856e+01	9.427374301675978119e-01	9.305441775083680422e-01
2.462556888888888906e+01	9.441340782122905617e-01	9.315096023392284152e-01
2.462628861111111078e+01	9.455307262569833116e-01	9.319954295108353604e-01
2.462809250000000105e+01	9.469273743016760614e-01	9.332150951679858419e-01
2.464309222222222218e+01	9.483240223463687002e-01	9.434686749045880783e-01
2.466971444444444117e+01	9.497206703910614500e-01	9.621680942524772906e-01
2.467137777777777785e+01	9.511173184357541999e-01	9.633580878697303174e-01
2.468866749999999755e+01	9.525139664804469497e-01	9.758815699819636258e-01
2.468918999999999997e+01	9.539106145251396995e-01	9.762644423771770219e-01
2.469207222222222242e+01	9.553072625698324494e-01	9.783811399584610990e-01
2.469390833333333646e+01	9.567039106145251992e-01	9.797337268680968991e-01
2.470210277777777819e+01	9.581005586592179490e-01	9.858098389487451874e-01
2.470246194444444399e+01	9.594972067039106989e-01	9.860776450177396457e-01
2.470821027777777701e+01	9.608938547486033377e-01	9.903808835808125544e-01
2.470971972222222135e+01	9.622905027932960875e-01	9.915162164419626389e-01
2.472419805555555428e+01	9.636871508379888374e-01	1.002520319622531408e+00
2.472651305555555723e+01	9.650837988826815872e-01	1.004299141109979088e+00
2.472777777777777786e+01	9.664804469273743370e-01	1.005273209084201147e+00
2.472899750000000196e+01	9.678770949720670869e-01	1.006214140578932215e+00
2.472996805555555255e+01	9.692737430167598367e-01	1.006963926319987213e+00
2.473167805555555532e+01	9.706703910614525865e-01	1.008287266180620145e+00
2.473294222222222416e+01	9.720670391061453364e-01	1.009267480627081603e+00
2.473642472222222111e+01	9.734636871508379752e-01	1.011976120399573853e+00
2.474181749999999980e+01	9.748603351955307250e-01	1.016194876066346842e+00
2.476657888888888692e+01	9.762569832402234749e-01	1.035950771488990840e+00
2.476888833333333650e+01	9.776536312849162247e-01	1.037826068579927208e+00
2.476935833333333292e+01	9.790502793296089745e-01	1.038208405895919562e+00
2.477711222222222531e+01	9.804469273743017244e-01	1.044549980978044523e+00
2.479206138888888944e+01	9.818435754189944742e-01	1.056958594253076811e+00
2.479304944444444558e+01	9.832402234636872240e-01	1.057787280492997306e+00
2.479949138888888882e+01	9.846368715083799739e-01	1.063216398147699859e+00
2.480127861111111187e+01	9.860335195530726127e-01	1.064730719501019607e+00
2.480243722222222402e+01	9.874301675977653625e-01	1.065714301624989702e+00
2.480430916666666974e+01	9.888268156424581123e-01	1.067306596275307884e+00
2.480448138888888820e+01	9.902234636871508622e-01	1.067453285409762920e+00
2.480677444444444646e+01	9.916201117318436120e-01	1.069409520428795002e+00
2.481145194444444257e+01	9.930167597765363618e-01	1.073418123292001036e+00
2.481361000000000061e+01	9.944134078212291117e-01	1.075275822533085179e+00
2.481392805555555725e+01	9.958100558659218615e-01	1.075550053331719491e+00
2.482535500000000184e+01	9.972067039106146114e-01	1.085478253811813065e+00
2.483083111111110952e+01	9.986033519553072502e-01	1.090288775676917288e+00
2.483284305555555704e+01	1.000000000000000000e+00	1.092064820105124179e+00
