1.565499999999999878e-02	0.000000000000000000e+00	9.264534565460724735e-04
1.757361111111111276e-02	1.396648044692737475e-03	1.039936647020733851e-03
1.847083333333333563e-02	2.793296089385474950e-03	1.093001675443683318e-03
2.065222222222222112e-02	4.189944134078212208e-03	1.222005295081429743e-03
2.066194444444444459e-02	5.586592178770949900e-03	1.222580213434021346e-03
2.078249999999999889e-02	6.983240223463687592e-03	1.229709173512061327e-03
2.378250000000000156e-02	8.379888268156424416e-03	1.407095479385889192e-03
2.518777777777777768e-02	9.776536312849162108e-03	1.490176988405367275e-03
2.606250000000000233e-02	1.117318435754189980e-02	1.541888001245328432e-03
2.653583333333333141e-02	1.256983240223463749e-02	1.569868963300136144e-03
2.828638888888888869e-02	1.396648044692737518e-02	1.673345732252640161e-03
2.873194444444444537e-02	1.536312849162011288e-02	1.699681172928180217e-03
2.984999999999999806e-02	1.675977653631284883e-02	1.765762994804909169e-03
2.986833333333333354e-02	1.815642458100558826e-02	1.766846536052968375e-03
3.083388888888888638e-02	1.955307262569832422e-02	1.823911379673748279e-03
3.118361111111110986e-02	2.094972067039106364e-02	1.844579343071472977e-03
3.279750000000000026e-02	2.234636871508379960e-02	1.939951771455450391e-03
3.361611111111111050e-02	2.374301675977653556e-02	1.988323941454983590e-03
3.399361111111110639e-02	2.513966480446927498e-02	2.010629829258925305e-03
3.453055555555555739e-02	2.653631284916201094e-02	2.042356182406779297e-03
3.488694444444444265e-02	2.793296089385475037e-02	2.063413520550283486e-03
3.489055555555555660e-02	2.932960893854748632e-02	2.063626881796176704e-03
3.577611111111111269e-02	3.072625698324022575e-02	2.115948247021437467e-03
3.697305555555555762e-02	3.212290502793296171e-02	2.186663072693884047e-03
3.719305555555555559e-02	3.351955307262569767e-02	2.199660007647374904e-03
3.810305555555555668e-02	3.491620111731843362e-02	2.253418258436168387e-03
3.811805555555555086e-02	3.631284916201117652e-02	2.254304359184500228e-03
3.984750000000000097e-02	3.770949720670391248e-02	2.356463217882631689e-03
4.223472222222222211e-02	3.910614525139664843e-02	2.497460044842414462e-03
4.232999999999999957e-02	4.050279329608938439e-02	2.503087035486850631e-03
4.601805555555555510e-02	4.189944134078212729e-02	2.720874755496871522e-03
4.619055555555555415e-02	4.329608938547486324e-02	2.731060092398984729e-03
4.715083333333332932e-02	4.469273743016759920e-02	2.787758206626911317e-03
4.927833333333332677e-02	4.608938547486033516e-02	2.913361667599367877e-03
4.952916666666666579e-02	4.748603351955307111e-02	2.928169336999131289e-03
5.005194444444444751e-02	4.888268156424581401e-02	2.959030240208382345e-03
5.129666666666667096e-02	5.027932960893854997e-02	3.032505517426842268e-03
5.274611111111111167e-02	5.167597765363128592e-02	3.118058612629037718e-03
5.758833333333333859e-02	5.307262569832402188e-02	3.403816338350962312e-03
5.877083333333332771e-02	5.446927374301676478e-02	3.473587660829058343e-03
6.050666666666666693e-02	5.586592178770950073e-02	3.575998590738316274e-03
6.134027777777777135e-02	5.726256983240223669e-02	3.625176351051528911e-03
6.349111111111110928e-02	5.865921787709497265e-02	3.752050645518312244e-03
6.480388888888889698e-02	6.005586592178770861e-02	3.829481413685997815e-03
6.482361111111110963e-02	6.145251396648045150e-02	3.830644631562019065e-03
7.247361111111109977e-02	6.284916201117318746e-02	4.281739671772366584e-03
7.549861111111111356e-02	6.424581005586592342e-02	4.460057492784885724e-03
7.558277777777777651e-02	6.564245810055865937e-02	4.465018496170536366e-03
7.565111111111111342e-02	6.703910614525139533e-02	4.469046223310235710e-03
7.720888888888888246e-02	6.843575418994413129e-02	4.560860883907058572e-03
7.782250000000000278e-02	6.983240223463686724e-02	4.597024498088964073e-03
7.820249999999999424e-02	7.122905027932961708e-02	4.619419413907199790e-03
8.230694444444444646e-02	7.262569832402235304e-02	4.861278588104811504e-03
8.233250000000000290e-02	7.402234636871508899e-02	4.862784294904942684e-03
8.289055555555555066e-02	7.541899441340782495e-02	4.895663780774994756e-03
8.495638888888890072e-02	7.681564245810056091e-02	5.017368979169600784e-03
8.867694444444444712e-02	7.821229050279329686e-02	5.236521892864165473e-03
8.899361111111112055e-02	7.960893854748603282e-02	5.255172367987781534e-03
9.166138888888888947e-02	8.100558659217876878e-02	5.412280559950799486e-03
9.504499999999999060e-02	8.240223463687150474e-02	5.611509223879096453e-03
9.530694444444444413e-02	8.379888268156425457e-02	5.626930975417110403e-03
9.607611111111111213e-02	8.519553072625699053e-02	5.672213612271104211e-03
9.666833333333332834e-02	8.659217877094972649e-02	5.707077711589292335e-03
9.830555555555554881e-02	8.798882681564246244e-02	5.803454559523690826e-03
9.882361111111111207e-02	8.938547486033519840e-02	5.833948511587583319e-03
1.014224999999999988e-01	9.078212290502793436e-02	5.986911027194397050e-03
1.114494444444444482e-01	9.217877094972067031e-02	6.576845254737451185e-03
1.134300000000000030e-01	9.357541899441340627e-02	6.693329618792431823e-03
1.167030555555555460e-01	9.497206703910614223e-02	6.885801121782053613e-03
1.179988888888888893e-01	9.636871508379889206e-02	6.961992085546597764e-03
1.188397222222222216e-01	9.776536312849162802e-02	7.011427339520315272e-03
1.212163888888888874e-01	9.916201117318436398e-02	7.151145789453527968e-03
1.216288888888888836e-01	1.005586592178770999e-01	7.175393658451878487e-03
1.224213888888888851e-01	1.019553072625698359e-01	7.221977296521631118e-03
1.276694444444444465e-01	1.033519553072625718e-01	7.530406076867612875e-03
1.335244444444444456e-01	1.047486033519553078e-01	7.874391964043048198e-03
1.373052777777777622e-01	1.061452513966480438e-01	8.096455562690452190e-03
1.377322222222222281e-01	1.075418994413407797e-01	8.121528609322470338e-03
1.391052777777777860e-01	1.089385474860335296e-01	8.202159361198613219e-03
1.399533333333333185e-01	1.103351955307262655e-01	8.251956953746919510e-03
1.449888888888888894e-01	1.117318435754190015e-01	8.547591916586494420e-03
1.467241666666666555e-01	1.131284916201117374e-01	8.649448793539682434e-03
1.473527777777777770e-01	1.145251396648044734e-01	8.686344260591449817e-03
1.475427777777777727e-01	1.159217877094972093e-01	8.697495779767860924e-03
1.497344444444444478e-01	1.173184357541899453e-01	8.826120462697928382e-03
1.623391666666666733e-01	1.187150837988826813e-01	9.565543321862102211e-03
1.650452777777777769e-01	1.201117318435754172e-01	9.724218269218320998e-03
1.656797222222222143e-01	1.215083798882681670e-01	9.761415738056333780e-03
1.793008333333333260e-01	1.229050279329609030e-01	1.055968436124632426e-02
1.816016666666666612e-01	1.243016759776536390e-01	1.069446172915033966e-02
1.818375000000000130e-01	1.256983240223463749e-01	1.070827524996187385e-02
1.892250000000000043e-01	1.270949720670390970e-01	1.114088737161422760e-02
1.930191666666666861e-01	1.284916201117318468e-01	1.136300029779813148e-02
2.137269444444444555e-01	1.298882681564245967e-01	1.257436785939891610e-02
2.182061111111111285e-01	1.312849162011173187e-01	1.283619569894434154e-02
2.284822222222221977e-01	1.326815642458100686e-01	1.343661921563055195e-02
2.372308333333333075e-01	1.340782122905027907e-01	1.394750453042814531e-02
2.444905555555555721e-01	1.354748603351955405e-01	1.437124358838492988e-02
2.488405555555555648e-01	1.368715083798882626e-01	1.462505929076740596e-02
2.509388888888888780e-01	1.382681564245810124e-01	1.474747039189017173e-02
2.539969444444444280e-01	1.396648044692737345e-01	1.492584186641887634e-02
2.636027777777777970e-01	1.410614525139664843e-01	1.548592470968457313e-02
2.733761111111110975e-01	1.424581005586592342e-01	1.605544707485417888e-02
2.768186111111111125e-01	1.438547486033519562e-01	1.625597372793319284e-02
2.780986111111111159e-01	1.452513966480447061e-01	1.633052368711418456e-02
2.787161111111111089e-01	1.466480446927374282e-01	1.636648619803682259e-02
2.829336111111110941e-01	1.480446927374301780e-01	1.661207353824378785e-02
2.854866666666666664e-01	1.494413407821229001e-01	1.676070957016817520e-02
2.878288888888888564e-01	1.508379888268156499e-01	1.689705136212849013e-02
2.975927777777778171e-01	1.522346368715083720e-01	1.746520800848339050e-02
3.053472222222222143e-01	1.536312849162011218e-01	1.791620196617116356e-02
3.081405555555555842e-01	1.550279329608938717e-01	1.807860987952458753e-02
3.191111111111111232e-01	1.564245810055865937e-01	1.871619194746887427e-02
3.301502777777777786e-01	1.578212290502793436e-01	1.935734364005436969e-02
3.342566666666667019e-01	1.592178770949720656e-01	1.959573463816843830e-02
3.460447222222222119e-01	1.606145251396648155e-01	2.027975276207338862e-02
3.488972222222221919e-01	1.620111731843575376e-01	2.044520126894522338e-02
3.530699999999999950e-01	1.634078212290502874e-01	2.068717718091250823e-02
3.532491666666666141e-01	1.648044692737430095e-01	2.069756556838875383e-02
3.579555555555555824e-01	1.662011173184357593e-01	2.097041052216086499e-02
3.751569444444444734e-01	1.675977653631285091e-01	2.196698552204168209e-02
3.967227777777777575e-01	1.689944134078212312e-01	2.321498474340943918e-02
3.971255555555555650e-01	1.703910614525139811e-01	2.323827804770517425e-02
3.981097222222221843e-01	1.717877094972067031e-01	2.329519169510740895e-02
4.115588888888889185e-01	1.731843575418994530e-01	2.407261506335056644e-02
4.298988888888888860e-01	1.745810055865921750e-01	2.513175380914589585e-02
4.383313888888888954e-01	1.759776536312849249e-01	2.561834658198391956e-02
4.404000000000000137e-01	1.773743016759776470e-01	2.573767754477884750e-02
4.479491666666666760e-01	1.787709497206703968e-01	2.617303867973130860e-02
4.588327777777777561e-01	1.801675977653631466e-01	2.680035513449796625e-02
4.623747222222222009e-01	1.815642458100558687e-01	2.700442079947318330e-02
4.882372222222222113e-01	1.829608938547486185e-01	2.849316710898286420e-02
4.948933333333333517e-01	1.843575418994413406e-01	2.887595010643118076e-02
4.950416666666667131e-01	1.857541899441340905e-01	2.888447881642863813e-02
4.955427777777777765e-01	1.871508379888268125e-01	2.891329060862912748e-02
5.000249999999999417e-01	1.885474860335195624e-01	2.917096161780363683e-02
5.003177777777777502e-01	1.899441340782122845e-01	2.918779025286211137e-02
5.068905555555556219e-01	1.913407821229050343e-01	2.956551154502817802e-02
5.122688888888888847e-01	1.927374301675977841e-01	2.987448173573747923e-02
5.155141666666667177e-01	1.941340782122905062e-01	3.006086626894832747e-02
5.281130555555555439e-01	1.955307262569832560e-01	3.078411311357265312e-02
5.350472222222222296e-01	1.969273743016759781e-01	3.118194303317478600e-02
5.352188888888889107e-01	1.983240223463687280e-01	3.119178989356452547e-02
5.389874999999999527e-01	1.997206703910614500e-01	3.140793353939375088e-02
5.470724999999999616e-01	2.011173184357541999e-01	3.187147520701572034e-02
5.886333333333333417e-01	2.025139664804469219e-01	3.425080602849572831e-02
5.946375000000000410e-01	2.039106145251396718e-01	3.459405693362660461e-02
5.965941666666666476e-01	2.053072625698324216e-01	3.470589082767261413e-02
5.970869444444444341e-01	2.067039106145251437e-01	3.473405365313741999e-02
6.114247222222222167e-01	2.081005586592178935e-01	3.555311474584643694e-02
6.149963888888888563e-01	2.094972067039106156e-01	3.575704192195794384e-02
6.178138888888888847e-01	2.108938547486033654e-01	3.591787892281272931e-02
6.196080555555555369e-01	2.122905027932960875e-01	3.602028495387721296e-02
6.565227777777777884e-01	2.136871508379888374e-01	3.812486174678386686e-02
6.644302777777777447e-01	2.150837988826815594e-01	3.857508511130869344e-02
6.644550000000000178e-01	2.164804469273743093e-01	3.857649237132687592e-02
6.765808333333332980e-01	2.178770949720670591e-01	3.926648147492450835e-02
6.780888888888888522e-01	2.192737430167597812e-01	3.935225883655857348e-02
6.872916666666666341e-01	2.206703910614525310e-01	3.987554177939145461e-02
6.949244444444444557e-01	2.220670391061452531e-01	4.030933605044095813e-02
7.117058333333333708e-01	2.234636871508380029e-01	4.126238504279655661e-02
7.126677777777776779e-01	2.248603351955307250e-01	4.131698712177256372e-02
7.280613888888889385e-01	2.262569832402234749e-01	4.219033935868754526e-02
7.364977777777776957e-01	2.276536312849161969e-01	4.266863798538822472e-02
7.546680555555554948e-01	2.290502793296089468e-01	4.369798558166226865e-02
7.624849999999999683e-01	2.304469273743016966e-01	4.414047550906974315e-02
7.699427777777777537e-01	2.318435754189944187e-01	4.456244341513848628e-02
7.806797222222222610e-01	2.332402234636871685e-01	4.516962245332911685e-02
7.879502777777778189e-01	2.346368715083798906e-01	4.558055651624426385e-02
8.159827777777778346e-01	2.360335195530726404e-01	4.716330732759577149e-02
8.230052777777777662e-01	2.374301675977653625e-01	4.755939536588238425e-02
8.256205555555555797e-01	2.388268156424581123e-01	4.770686204187424284e-02
8.376352777777777980e-01	2.402234636871508344e-01	4.838403829267434730e-02
8.546488888888889024e-01	2.416201117318435843e-01	4.934213928368769153e-02
8.552508333333332935e-01	2.430167597765363341e-01	4.937601938526747780e-02
8.596036111111110545e-01	2.444134078212290562e-01	4.962097708165646992e-02
8.972736111111111468e-01	2.458100558659218060e-01	5.173826555171434638e-02
9.009174999999999267e-01	2.472067039106145281e-01	5.194282441082864743e-02
9.166002777777777499e-01	2.486033519553072779e-01	5.282271301949181819e-02
9.191424999999999734e-01	2.500000000000000000e-01	5.296526849089289168e-02
9.303686111111111323e-01	2.513966480446927498e-01	5.359451774566437177e-02
9.502019444444443907e-01	2.527932960893854997e-01	5.470519987103605875e-02
9.690138888888888413e-01	2.541899441340781940e-01	5.575747888655979700e-02
9.699066666666666947e-01	2.555865921787709438e-01	5.580738884817360024e-02
9.929133333333333145e-01	2.569832402234636937e-01	5.709264689725723763e-02
1.003219166666666551e+00	2.583798882681564435e-01	5.766781055187431004e-02
1.021501666666666752e+00	2.597765363128491933e-01	5.868728505272569063e-02
1.044755277777777769e+00	2.611731843575418877e-01	5.998236682425062138e-02
1.052280000000000104e+00	2.625698324022346375e-01	6.040106543755718871e-02
1.065393055555555524e+00	2.639664804469273873e-01	6.113027041928031924e-02
1.083529722222222214e+00	2.653631284916201372e-01	6.213790123735585258e-02
1.083725277777777718e+00	2.667597765363128315e-01	6.214875995194046876e-02
1.108118333333333316e+00	2.681564245810055813e-01	6.350226031447014918e-02
1.122384444444444407e+00	2.695530726256983312e-01	6.429294025963150361e-02
1.152913055555555566e+00	2.709497206703910810e-01	6.598270524415739136e-02
1.165607777777777798e+00	2.723463687150838308e-01	6.668446217096235529e-02
1.175630277777777843e+00	2.737430167597765251e-01	6.723812771939652322e-02
1.184833333333333183e+00	2.751396648044692750e-01	6.774623603567297980e-02
1.188655555555555576e+00	2.765363128491620248e-01	6.795718273156792222e-02
1.201149444444444381e+00	2.779329608938547747e-01	6.864638178579862693e-02
1.210001388888888973e+00	2.793296089385474690e-01	6.913437218004758744e-02
1.291305833333333375e+00	2.807262569832402188e-01	7.360458490119092811e-02
1.336337222222222287e+00	2.821229050279329686e-01	7.607121885640710790e-02
1.344794999999999963e+00	2.835195530726257185e-01	7.653376793583088755e-02
1.398626666666666463e+00	2.849162011173184683e-01	7.947235610461234057e-02
1.417713611111111272e+00	2.863128491620111626e-01	8.051203604076595521e-02
1.435089999999999977e+00	2.877094972067039125e-01	8.145751960304825623e-02
1.438191388888888866e+00	2.891061452513966623e-01	8.162617000813410240e-02
1.443251666666666599e+00	2.905027932960894121e-01	8.190127634194555029e-02
1.469874722222222152e+00	2.918994413407821065e-01	8.334730477865315290e-02
1.489383333333333281e+00	2.932960893854748563e-01	8.440546679845628564e-02
1.510195277777777845e+00	2.946927374301676061e-01	8.553297599800047113e-02
1.580300555555555597e+00	2.960893854748603560e-01	8.932079787975777396e-02
1.589833055555555541e+00	2.974860335195531058e-01	8.983463026273330598e-02
1.601669444444444590e+00	2.988826815642458001e-01	9.047224618665072882e-02
1.603718888888888916e+00	3.002793296089385500e-01	9.058260259205708209e-02
1.621105277777777909e+00	3.016759776536312998e-01	9.151826875791002625e-02
1.640866666666666696e+00	3.030726256983240496e-01	9.258057910680728142e-02
1.641809166666666542e+00	3.044692737430167440e-01	9.263121390694240009e-02
1.702736388888888897e+00	3.058659217877094938e-01	9.589847559863240445e-02
1.742403611111111195e+00	3.072625698324022436e-01	9.801933018875641501e-02
1.760650000000000048e+00	3.086592178770949935e-01	9.899322349384287456e-02
1.778243888888888957e+00	3.100558659217877433e-01	9.993129406767797818e-02
1.785006944444444299e+00	3.114525139664804376e-01	1.002916265874759238e-01
1.795910833333333567e+00	3.128491620111731875e-01	1.008722770668489810e-01
1.815776944444444263e+00	3.142458100558659373e-01	1.019292178395639903e-01
1.823178888888888904e+00	3.156424581005586871e-01	1.023227072205361576e-01
1.842997777777777957e+00	3.170391061452513815e-01	1.033754361372342112e-01
1.958209722222222338e+00	3.184357541899441313e-01	1.094707985926968163e-01
1.960328611111111119e+00	3.198324022346368811e-01	1.095825108675720916e-01
2.109960277777777726e+00	3.212290502793296310e-01	1.174360723746205037e-01
2.143041388888888843e+00	3.226256983240223808e-01	1.191629947167367476e-01
2.190738611111111123e+00	3.240223463687150751e-01	1.216469704453363443e-01
2.234025277777777596e+00	3.254189944134078250e-01	1.238951895576472229e-01
2.355573611111111187e+00	3.268156424581005748e-01	1.301774379030006257e-01
2.365075277777778151e+00	3.282122905027933246e-01	1.306666307456746390e-01
2.367709722222222091e+00	3.296089385474860189e-01	1.308022162665319899e-01
2.427621944444444679e+00	3.310055865921787688e-01	1.338799836118754749e-01
2.430782499999999846e+00	3.324022346368715186e-01	1.340420424270000188e-01
2.432985555555555290e+00	3.337988826815642684e-01	1.341549870919981347e-01
2.536341666666666494e+00	3.351955307262570183e-01	1.394372495744736762e-01
2.609483333333333377e+00	3.365921787709497126e-01	1.431558470555064355e-01
2.641268333333333551e+00	3.379888268156424624e-01	1.447668163356770066e-01
2.649954722222222170e+00	3.393854748603352123e-01	1.452065441409187141e-01
2.651339722222222139e+00	3.407821229050279621e-01	1.452766355747575622e-01
2.687321388888888940e+00	3.421787709497206564e-01	1.470955661387939317e-01
2.699910000000000032e+00	3.435754189944134063e-01	1.477310260261825992e-01
2.739896666666666647e+00	3.449720670391061561e-01	1.497463723080192377e-01
2.744834166666666686e+00	3.463687150837989059e-01	1.499948937774718827e-01
2.753775555555555865e+00	3.477653631284916558e-01	1.504447599693709003e-01
2.789631944444444400e+00	3.491620111731843501e-01	1.522464042663339567e-01
2.797000277777777377e+00	3.505586592178770999e-01	1.526161608923841673e-01
2.831627500000000186e+00	3.519553072625698498e-01	1.543516604505681400e-01
2.861539722222222082e+00	3.533519553072625996e-01	1.558479848403349077e-01
2.867723333333333180e+00	3.547486033519552939e-01	1.561569824509659865e-01
2.875617222222222047e+00	3.561452513966480438e-01	1.565512789983357633e-01
2.921714166666666834e+00	3.575418994413407936e-01	1.588501261499087880e-01
2.979945277777777957e+00	3.589385474860335434e-01	1.617451477653297776e-01
2.984963333333333413e+00	3.603351955307262933e-01	1.619941589280502470e-01
2.988395555555555472e+00	3.617318435754189876e-01	1.621644336215498639e-01
3.015693333333333115e+00	3.631284916201117374e-01	1.635174621868534794e-01
3.036401666666666888e+00	3.645251396648044873e-01	1.645424238063741829e-01
3.051936388888888629e+00	3.659217877094972371e-01	1.653104923411192750e-01
3.057860000000000245e+00	3.673184357541899314e-01	1.656031818302693415e-01
3.071559166666666396e+00	3.687150837988826813e-01	1.662796735177339835e-01
3.078121944444444313e+00	3.701117318435754311e-01	1.666035620004712170e-01
3.115491666666666770e+00	3.715083798882681809e-01	1.684454488159804475e-01
3.310624166666666479e+00	3.729050279329609308e-01	1.779972619381406940e-01
3.336575555555555628e+00	3.743016759776536251e-01	1.792592988421678468e-01
3.441215833333333585e+00	3.756983240223463749e-01	1.843284123936332897e-01
3.501595277777777682e+00	3.770949720670391248e-01	1.872391308048951819e-01
3.551094166666666663e+00	3.784916201117318746e-01	1.896175795287036170e-01
3.556251944444444479e+00	3.798882681564245689e-01	1.898650128113041902e-01
3.625130555555555301e+00	3.812849162011173187e-01	1.931620839253366251e-01
3.634924166666666956e+00	3.826815642458100686e-01	1.936297921811412914e-01
3.778121111111111485e+00	3.840782122905028184e-01	2.004374902907630762e-01
3.804773611111111009e+00	3.854748603351955683e-01	2.016982129182141037e-01
3.861030555555555299e+00	3.868715083798882626e-01	2.043527693235294151e-01
3.981980277777778188e+00	3.882681564245810124e-01	2.100300863356195924e-01
4.047607777777778360e+00	3.896648044692737622e-01	2.130936346034002504e-01
4.059638888888889241e+00	3.910614525139665121e-01	2.136539672347094188e-01
4.104794166666666300e+00	3.924581005586592064e-01	2.157534561830196651e-01
4.375784166666666586e+00	3.938547486033519562e-01	2.282358625027015586e-01
4.376401944444444858e+00	3.952513966480447061e-01	2.282640905425608047e-01
4.421409166666666835e+00	3.966480446927374559e-01	2.303178245555931314e-01
4.605000000000000426e+00	3.980446927374302057e-01	2.386388336202760474e-01
4.617990555555555154e+00	3.994413407821229001e-01	2.392241938750756525e-01
4.664487777777777566e+00	4.008379888268156499e-01	2.413156936926278417e-01
4.665206944444443948e+00	4.022346368715083997e-01	2.413479974613882417e-01
4.805988055555555860e+00	4.036312849162011496e-01	2.476452350119433543e-01
4.922063055555555344e+00	4.050279329608938439e-01	2.527980159754186218e-01
5.013968055555555914e+00	4.064245810055865937e-01	2.568528015649531593e-01
5.287422222222222246e+00	4.078212290502793436e-01	2.687877413263266568e-01
5.799809722222222241e+00	4.092178770949720934e-01	2.906373101721132501e-01
5.901548888888888733e+00	4.106145251396648432e-01	2.948974214534528793e-01
6.195428333333333981e+00	4.120111731843575376e-01	3.070598552636215617e-01
6.610309166666667124e+00	4.134078212290502874e-01	3.238737314334337869e-01
6.634814444444444348e+00	4.148044692737430372e-01	3.248539980463616139e-01
7.134334444444443868e+00	4.162011173184357871e-01	3.445290582295842396e-01
7.436001111111110617e+00	4.175977653631284814e-01	3.561323154983061512e-01
7.571264166666666462e+00	4.189944134078212312e-01	3.612681349588698909e-01
7.790651666666667197e+00	4.203910614525139811e-01	3.695111240764230587e-01
7.799578888888889061e+00	4.217877094972067309e-01	3.698442824965918474e-01
7.922010833333334112e+00	4.231843575418994807e-01	3.743956437600920450e-01
7.987561666666667115e+00	4.245810055865921750e-01	3.768189443143248329e-01
8.063095000000000567e+00	4.259776536312849249e-01	3.795996430668779897e-01
8.406832222222222484e+00	4.273743016759776747e-01	3.920981631927007438e-01
8.827116666666666944e+00	4.287709497206704246e-01	4.070383606185973280e-01
8.833543611111110749e+00	4.301675977653631189e-01	4.072639508588055124e-01
9.088001666666666978e+00	4.315642458100558687e-01	4.161269758885586256e-01
9.807664722222222409e+00	4.329608938547486185e-01	4.404826324040957974e-01
1.024200388888888824e+01	4.343575418994413684e-01	4.546876637396504162e-01
1.024634805555555594e+01	4.357541899441341182e-01	4.548279023953301081e-01
1.039518583333333446e+01	4.371508379888268125e-01	4.596109691642932260e-01
1.045595277777777810e+01	4.385474860335195624e-01	4.615516972485110836e-01
1.046238416666666637e+01	4.399441340782123122e-01	4.617566897092368894e-01
1.080266305555555562e+01	4.413407821229050620e-01	4.724920827907953536e-01
1.086788499999999935e+01	4.427374301675977564e-01	4.745251711342238776e-01
1.100479249999999887e+01	4.441340782122905062e-01	4.787673792470715783e-01
1.106793638888889042e+01	4.455307262569832560e-01	4.807123950717526739e-01
1.131447861111111131e+01	4.469273743016760059e-01	4.882373726851356732e-01
1.175567555555555543e+01	4.483240223463687557e-01	5.014324794065496693e-01
1.193428055555555645e+01	4.497206703910614500e-01	5.066768715077840657e-01
1.198939944444444450e+01	4.511173184357541999e-01	5.082841653137726290e-01
1.213408527777777834e+01	4.525139664804469497e-01	5.124784041065973961e-01
1.299917944444444551e+01	4.539106145251396995e-01	5.368202962243406873e-01
1.363514361111111128e+01	4.553072625698323939e-01	5.539363354912292259e-01
1.363978750000000062e+01	4.567039106145251437e-01	5.540589638041166776e-01
1.365144305555555526e+01	4.581005586592178935e-01	5.543665964096140542e-01
1.390651055555555615e+01	4.594972067039106434e-01	5.610458737589343325e-01
1.395703888888888855e+01	4.608938547486033932e-01	5.623570963924426902e-01
1.396572805555555519e+01	4.622905027932960875e-01	5.625821873757874680e-01
1.402051055555555692e+01	4.636871508379888374e-01	5.639986527878440015e-01
1.413671861111111028e+01	4.650837988826815872e-01	5.669881810978472103e-01
1.418118305555555558e+01	4.664804469273743370e-01	5.681266282454200400e-01
1.472361694444444424e+01	4.678770949720670314e-01	5.817762255673638583e-01
1.525172722222222177e+01	4.692737430167597812e-01	5.946508068811788839e-01
1.552327416666666515e+01	4.706703910614525310e-01	6.011156729017789191e-01
1.560153222222222347e+01	4.720670391061452809e-01	6.029595928808040295e-01
1.560237194444444420e+01	4.734636871508380307e-01	6.029793321625774860e-01
1.564709277777777707e+01	4.748603351955307250e-01	6.040291645358095707e-01
1.576303249999999956e+01	4.762569832402234749e-01	6.067379680619584548e-01
1.647140222222222405e+01	4.776536312849162247e-01	6.228904179087602078e-01
1.685199888888888964e+01	4.790502793296089745e-01	6.312931466980636896e-01
1.703484555555555602e+01	4.804469273743016688e-01	6.352631546855658229e-01
1.714073861111111086e+01	4.818435754189944187e-01	6.375427522949216330e-01
1.723063138888888801e+01	4.832402234636871685e-01	6.394667217585456864e-01
1.755660027777777898e+01	4.846368715083799183e-01	6.463581491849490490e-01
1.781714138888888854e+01	4.860335195530726682e-01	6.517715020555170380e-01
1.809844000000000008e+01	4.874301675977653625e-01	6.575231482337573485e-01
1.851337361111111335e+01	4.888268156424581123e-01	6.658342368487272234e-01
1.854814638888889178e+01	4.902234636871508622e-01	6.665215048802219933e-01
1.856993222222222073e+01	4.916201117318436120e-01	6.669513715142625365e-01
1.905916222222221990e+01	4.930167597765363063e-01	6.764599997296603107e-01
1.921463888888888860e+01	4.944134078212290562e-01	6.794246100987658687e-01
2.044742361111111251e+01	4.958100558659218060e-01	7.019896544306684083e-01
2.059839944444444271e+01	4.972067039106145558e-01	7.046416388924012786e-01
2.132407972222222270e+01	4.986033519553073057e-01	7.170630232927339698e-01
2.145175472222222268e+01	5.000000000000000000e-01	7.191937459862236537e-01
2.157897694444444170e+01	5.013966480446927498e-01	7.213009516424879752e-01
2.174423611111111043e+01	5.027932960893854997e-01	7.240145770340363773e-01
2.194122111111110840e+01	5.041899441340782495e-01	7.272146581986562719e-01
2.210784722222222243e+01	5.055865921787709993e-01	7.298925645956717556e-01
2.246379666666666708e+01	5.069832402234637492e-01	7.355254171727583223e-01
2.306087277777777800e+01	5.083798882681563880e-01	7.447115277787350607e-01
2.377938722222221912e+01	5.097765363128491378e-01	7.553439837164640513e-01
2.401101361111111387e+01	5.111731843575418877e-01	7.586762615216076089e-01
2.401686111111111188e+01	5.125698324022346375e-01	7.587597962157532905e-01
2.401728472222222521e+01	5.139664804469273873e-01	7.587658466057860540e-01
2.401731111111111261e+01	5.153631284916201372e-01	7.587662235103079800e-01
2.401814999999999856e+01	5.167597765363128870e-01	7.587782047997868595e-01
2.401855194444444308e+01	5.181564245810056368e-01	7.587839452928499817e-01
2.401877888888889245e+01	5.195530726256983867e-01	7.587871864093107543e-01
2.401885250000000127e+01	5.209497206703910255e-01	7.587882376800820783e-01
2.402060805555555589e+01	5.223463687150837753e-01	7.588133081386316814e-01
2.402201194444444354e+01	5.237430167597765251e-01	7.588333546967295229e-01
2.402222611111110950e+01	5.251396648044692750e-01	7.588364127014722849e-01
2.402295111111110870e+01	5.265363128491620248e-01	7.588467644141562163e-01
2.402439277777777704e+01	5.279329608938547747e-01	7.588673475340668162e-01
2.402448527777777798e+01	5.293296089385475245e-01	7.588686681251346489e-01
2.402479749999999825e+01	5.307262569832402743e-01	7.588731255623002436e-01
2.402544361111111115e+01	5.321229050279330242e-01	7.588823494988773399e-01
2.402634166666666715e+01	5.335195530726256630e-01	7.588951696294841121e-01
2.402730111111111100e+01	5.349162011173184128e-01	7.589088653598458079e-01
2.402822861111111408e+01	5.363128491620111626e-01	7.589221043550018475e-01
2.402983555555555384e+01	5.377094972067039125e-01	7.589450399168414796e-01
2.403012916666666499e+01	5.391061452513966623e-01	7.589492303273718266e-01
2.403042777777777772e+01	5.405027932960894121e-01	7.589534920230629478e-01
2.403058083333333173e+01	5.418994413407821620e-01	7.589556763606708500e-01
2.403065805555555556e+01	5.432960893854749118e-01	7.589567784327497790e-01
2.403110833333333574e+01	5.446927374301676616e-01	7.589632044433363145e-01
2.403129694444444198e+01	5.460893854748603005e-01	7.589658961019822847e-01
2.403223166666666799e+01	5.474860335195530503e-01	7.589792350270923027e-01
2.403231277777777919e+01	5.488826815642458001e-01	7.589803924859344075e-01
2.403232055555555746e+01	5.502793296089385500e-01	7.589805034748464685e-01
2.403342833333333317e+01	5.516759776536312998e-01	7.589963109449874290e-01
2.403402388888888908e+01	5.530726256983240496e-01	7.590048088153671380e-01
2.403414555555555410e+01	5.544692737430167995e-01	7.590065448173256568e-01
2.403423833333333448e+01	5.558659217877095493e-01	7.590078686095022009e-01
2.403431055555555318e+01	5.572625698324022991e-01	7.590088991013723696e-01
2.403537888888888929e+01	5.586592178770949380e-01	7.590241419395218347e-01
2.403573861111111043e+01	5.600558659217876878e-01	7.590292741914526076e-01
2.403672555555555590e+01	5.614525139664804376e-01	7.590433546271095899e-01
2.403768250000000251e+01	5.628491620111731875e-01	7.590570062762906911e-01
2.403810027777777591e+01	5.642458100558659373e-01	7.590629659990193456e-01
2.403832666666666640e+01	5.656424581005586871e-01	7.590661954414399393e-01
2.403995722222222398e+01	5.670391061452514370e-01	7.590894540732829876e-01
2.404012611111111042e+01	5.684357541899441868e-01	7.590918630161918035e-01
2.404085305555555507e+01	5.698324022346369366e-01	7.591022314971285212e-01
2.404088305555555749e+01	5.712290502793295754e-01	7.591026593805251244e-01
2.404171611111111062e+01	5.726256983240223253e-01	7.591145407649815269e-01
2.404343833333333080e+01	5.740223463687150751e-01	7.591391019558825226e-01
2.404378833333333532e+01	5.754189944134078250e-01	7.591440931175172935e-01
2.404510888888889042e+01	5.768156424581005748e-01	7.591629239183101951e-01
2.404532805555555441e+01	5.782122905027933246e-01	7.591660490391803906e-01
2.404559500000000227e+01	5.796089385474860745e-01	7.591698553737029620e-01
2.404623861111111083e+01	5.810055865921788243e-01	7.591790323137279639e-01
2.404662194444444623e+01	5.824022346368715741e-01	7.591844979124483528e-01
2.404797388888889031e+01	5.837988826815642129e-01	7.592037730591972844e-01
2.404839055555555660e+01	5.851955307262569628e-01	7.592097133111748164e-01
2.404877194444444299e+01	5.865921787709497126e-01	7.592151504933624118e-01
2.404878583333333353e+01	5.879888268156424624e-01	7.592153484947667952e-01
2.404959333333333049e+01	5.893854748603352123e-01	7.592268600165018588e-01
2.405199416666666679e+01	5.907821229050279621e-01	7.592610824565324545e-01
2.405310166666666660e+01	5.921787709497207119e-01	7.592768675656459409e-01
2.405511277777777934e+01	5.935754189944134618e-01	7.593055291256218808e-01
2.405612888888888889e+01	5.949720670391062116e-01	7.593200090415136438e-01
2.405776333333333383e+01	5.963687150837988504e-01	7.593432985822856640e-01
2.405782194444444499e+01	5.977653631284916003e-01	7.593441337024100513e-01
2.406077694444444504e+01	5.991620111731843501e-01	7.593862342491350947e-01
2.406300194444444429e+01	6.005586592178770999e-01	7.594179294616740794e-01
2.406476833333333332e+01	6.019553072625698498e-01	7.594430887679177733e-01
2.406478638888888710e+01	6.033519553072625996e-01	7.594433459260430119e-01
2.406531722222222314e+01	6.047486033519553494e-01	7.594509062520782283e-01
2.406569722222221941e+01	6.061452513966480993e-01	7.594563182076752295e-01
2.406664305555555217e+01	6.075418994413408491e-01	7.594697882263532485e-01
2.406680444444444333e+01	6.089385474860334879e-01	7.594720865594914994e-01
2.406685888888888769e+01	6.103351955307262378e-01	7.594728618958371813e-01
2.406703222222222394e+01	6.117318435754189876e-01	7.594753302969461384e-01
2.406830055555555603e+01	6.131284916201117374e-01	7.594933915765329502e-01
2.406885611111110990e+01	6.145251396648044873e-01	7.595013023537651176e-01
2.406994750000000138e+01	6.159217877094972371e-01	7.595168423179674555e-01
2.407089944444444285e+01	6.173184357541899869e-01	7.595303959540103955e-01
2.407263944444444093e+01	6.187150837988827368e-01	7.595551678275811458e-01
2.407295027777777818e+01	6.201117318435754866e-01	7.595595928026217525e-01
2.407469194444444582e+01	6.215083798882681254e-01	7.595843853922357169e-01
2.407614555555555569e+01	6.229050279329608752e-01	7.596050755596670534e-01
2.407724555555555668e+01	6.243016759776536251e-01	7.596207313726754951e-01
2.407917583333333056e+01	6.256983240223463749e-01	7.596482016973454821e-01
2.407942277777777917e+01	6.270949720670391248e-01	7.596517158065195785e-01
2.408067083333333258e+01	6.284916201117318746e-01	7.596694753045699633e-01
2.408116527777777804e+01	6.298882681564246244e-01	7.596765107543583806e-01
2.408173999999999992e+01	6.312849162011173743e-01	7.596846882177835658e-01
2.408182944444444473e+01	6.326815642458101241e-01	7.596859608574411116e-01
2.408595777777777869e+01	6.340782122905027629e-01	7.597446925629536274e-01
2.408771666666666533e+01	6.354748603351955127e-01	7.597697110228281980e-01
2.408834027777777465e+01	6.368715083798882626e-01	7.597785806502933559e-01
2.408876444444444331e+01	6.382681564245810124e-01	7.597846133901787757e-01
2.408931194444444301e+01	6.396648044692737622e-01	7.597924000229832053e-01
2.409072277777777771e+01	6.410614525139665121e-01	7.598124639577076289e-01
2.409078722222222169e+01	6.424581005586592619e-01	7.598133804037732197e-01
2.409105499999999722e+01	6.438547486033520117e-01	7.598171883577329311e-01
2.409125194444444418e+01	6.452513966480447616e-01	7.598199889824372999e-01
2.409236611111111159e+01	6.466480446927374004e-01	7.598358322401201903e-01
2.409354388888888820e+01	6.480446927374301502e-01	7.598525789005343700e-01
2.409575027777777834e+01	6.494413407821229001e-01	7.598839480982243488e-01
2.409620166666666563e+01	6.508379888268156499e-01	7.598903651869435283e-01
2.410034861111111226e+01	6.522346368715083997e-01	7.599493114500885937e-01
2.410197722222222438e+01	6.536312849162011496e-01	7.599724571969868059e-01
2.410361694444444325e+01	6.550279329608938994e-01	7.599957585998809995e-01
2.410445277777777662e+01	6.564245810055866492e-01	7.600076354054350336e-01
2.410459305555555787e+01	6.578212290502793991e-01	7.600096286302583382e-01
2.410609861111111130e+01	6.592178770949720379e-01	7.600310202187696706e-01
2.410950166666666661e+01	6.606145251396647877e-01	7.600793652874768824e-01
2.411043611111111318e+01	6.620111731843575376e-01	7.600926386471522633e-01
2.411100222222222200e+01	6.634078212290502874e-01	7.601006796416203137e-01
2.411101277777777696e+01	6.648044692737430372e-01	7.601008295692814887e-01
2.411479805555555700e+01	6.662011173184357871e-01	7.601545883766002154e-01
2.411574083333333363e+01	6.675977653631285369e-01	7.601679759054422725e-01
2.411611027777777849e+01	6.689944134078212867e-01	7.601732218458364665e-01
2.411913388888888932e+01	6.703910614525140366e-01	7.602161514141660970e-01
2.411922750000000093e+01	6.717877094972066754e-01	7.602174803925330071e-01
2.411990416666666803e+01	6.731843575418994252e-01	7.602270866758599199e-01
2.412037277777777788e+01	6.745810055865921750e-01	7.602337390775584236e-01
2.412046944444444563e+01	6.759776536312849249e-01	7.602351113342574740e-01
2.412129305555555447e+01	6.773743016759776747e-01	7.602468028005453515e-01
2.412185361111110993e+01	6.787709497206704246e-01	7.602547597692549397e-01
2.412201611111111177e+01	6.801675977653631744e-01	7.602570663733481116e-01
2.412238444444444596e+01	6.815642458100559242e-01	7.602622945937997923e-01
2.412444499999999792e+01	6.829608938547486741e-01	7.602915405597185927e-01
2.412472916666666478e+01	6.843575418994413129e-01	7.602955735263516868e-01
2.412609166666666383e+01	6.857541899441340627e-01	7.603149095352139675e-01
2.412700666666666649e+01	6.871508379888268125e-01	7.603278939427664529e-01
2.412808444444444689e+01	6.885474860335195624e-01	7.603431873639427963e-01
2.412810277777777657e+01	6.899441340782123122e-01	7.603434475013256533e-01
2.413004972222222477e+01	6.913407821229050620e-01	7.603710716959116711e-01
2.413038555555555575e+01	6.927374301675978119e-01	7.603758363405636045e-01
2.413118611111111278e+01	6.941340782122905617e-01	7.603871938624393589e-01
2.413314305555555705e+01	6.955307262569833116e-01	7.604149548653134083e-01
2.413471694444444537e+01	6.969273743016759504e-01	7.604372795497730264e-01
2.414051027777777847e+01	6.983240223463687002e-01	7.605194366423406738e-01
2.414630388888889101e+01	6.997206703910614500e-01	7.606015694966850038e-01
2.414668972222222010e+01	7.011173184357541999e-01	7.606070382441852962e-01
2.414860694444444533e+01	7.025139664804469497e-01	7.606342108301785698e-01
2.416547416666666592e+01	7.039106145251396995e-01	7.608731352819178007e-01
2.416804527777777878e+01	7.053072625698324494e-01	7.609095341558455017e-01
2.416863305555555641e+01	7.067039106145251992e-01	7.609178544686215906e-01
2.417356305555555807e+01	7.081005586592179490e-01	7.609876298904787451e-01
2.417620805555555563e+01	7.094972067039105879e-01	7.610250567888701134e-01
2.417848916666666881e+01	7.108938547486033377e-01	7.610573299323339924e-01
2.417982722222222236e+01	7.122905027932960875e-01	7.610762587044932470e-01
2.418051166666666774e+01	7.136871508379888374e-01	7.610859406023910978e-01
2.418199000000000254e+01	7.150837988826815872e-01	7.611068512199556935e-01
2.418224027777777962e+01	7.164804469273743370e-01	7.611103911489908169e-01
2.418264916666666409e+01	7.178770949720670869e-01	7.611161743608220176e-01
2.418504361111111223e+01	7.192737430167598367e-01	7.611500379132183358e-01
2.418591611111110851e+01	7.206703910614525865e-01	7.611623760955396056e-01
2.418637611111110886e+01	7.220670391061452253e-01	7.611688807832076575e-01
2.418699333333333357e+01	7.234636871508379752e-01	7.611776084130956743e-01
2.418768888888888569e+01	7.248603351955307250e-01	7.611874433077632229e-01
2.418796222222222170e+01	7.262569832402234749e-01	7.611913080277237231e-01
2.419009972222222160e+01	7.276536312849162247e-01	7.612215284522668712e-01
2.419169249999999849e+01	7.290502793296089745e-01	7.612440449928481456e-01
2.419214222222222332e+01	7.304469273743017244e-01	7.612504021737077631e-01
2.419245333333333292e+01	7.318435754189944742e-01	7.612547998773506741e-01
2.419321000000000055e+01	7.332402234636872240e-01	7.612654953827653337e-01
2.419357083333333236e+01	7.346368715083798628e-01	7.612705956037342236e-01
2.419395138888889107e+01	7.360335195530726127e-01	7.612759744716128818e-01
2.419502333333333510e+01	7.374301675977653625e-01	7.612911249523678370e-01
2.419526583333333036e+01	7.388268156424581123e-01	7.612945522275794685e-01
2.419600611111111022e+01	7.402234636871508622e-01	7.613050143383607304e-01
2.419609444444444435e+01	7.416201117318436120e-01	7.613062626946909273e-01
2.419681500000000085e+01	7.430167597765363618e-01	7.613164455839341871e-01
2.419776444444444508e+01	7.444134078212291117e-01	7.613298624670462589e-01
2.419852638888889018e+01	7.458100558659218615e-01	7.613406291861504194e-01
2.419904138888889022e+01	7.472067039106145003e-01	7.613479061612323795e-01
2.419921027777778022e+01	7.486033519553072502e-01	7.613502925211441674e-01
2.419997888888888937e+01	7.500000000000000000e-01	7.613611525123007429e-01
2.420006999999999664e+01	7.513966480446927498e-01	7.613624398221825462e-01
2.420131111111111011e+01	7.527932960893854997e-01	7.613799748030362080e-01
2.420350000000000179e+01	7.541899441340782495e-01	7.614108972783250051e-01
2.420581111111111028e+01	7.555865921787709993e-01	7.614435420402188015e-01
2.420612111111110920e+01	7.569832402234637492e-01	7.614479204930422185e-01
2.420727055555555651e+01	7.583798882681564990e-01	7.614641545925245891e-01
2.420954638888888866e+01	7.597765363128491378e-01	7.614962939088663063e-01
2.420999527777777516e+01	7.611731843575418877e-01	7.615026326060509998e-01
2.420999972222222141e+01	7.625698324022346375e-01	7.615026953645869234e-01
2.421130916666666621e+01	7.639664804469273873e-01	7.615211848790345295e-01
2.421157249999999905e+01	7.653631284916201372e-01	7.615249030045354584e-01
2.421271972222222146e+01	7.667597765363128870e-01	7.615411004909456993e-01
2.421273277777777722e+01	7.681564245810056368e-01	7.615412848143628954e-01
2.421473861111110892e+01	7.695530726256983867e-01	7.615696022579813151e-01
2.421552416666666829e+01	7.709497206703911365e-01	7.615806914579899001e-01
2.421618555555555474e+01	7.723463687150837753e-01	7.615900274743505616e-01
2.421916638888888684e+01	7.737430167597765251e-01	7.616320997087593359e-01
2.421982750000000095e+01	7.751396648044692750e-01	7.616414297919511522e-01
2.421985916666666583e+01	7.765363128491620248e-01	7.616418766859303080e-01
2.422076194444444397e+01	7.779329608938547747e-01	7.616546167320317196e-01
2.422253916666666740e+01	7.793296089385475245e-01	7.616796949930798588e-01
2.422333166666666671e+01	7.807262569832402743e-01	7.616908770556135577e-01
2.422393277777777598e+01	7.821229050279330242e-01	7.616993582981789190e-01
2.422480611111111060e+01	7.835195530726257740e-01	7.617116798613775552e-01
2.422539027777777676e+01	7.849162011173184128e-01	7.617199213147471948e-01
2.422579305555555607e+01	7.863128491620111626e-01	7.617256035583256368e-01
2.422677972222222564e+01	7.877094972067039125e-01	7.617395225231693434e-01
2.422893833333333191e+01	7.891061452513966623e-01	7.617699713421578478e-01
2.422954222222222143e+01	7.905027932960894121e-01	7.617784889485420541e-01
2.423057944444444445e+01	7.918994413407821620e-01	7.617931178340645593e-01
2.423206444444444330e+01	7.932960893854749118e-01	7.618140605718451974e-01
2.423216749999999919e+01	7.946927374301676616e-01	7.618155138809458160e-01
2.423223277777777795e+01	7.960893854748604115e-01	7.618164344360314200e-01
2.423548999999999864e+01	7.974860335195530503e-01	7.618623636585453163e-01
2.423599000000000103e+01	7.988826815642458001e-01	7.618694132411411024e-01
2.423609361111111227e+01	8.002793296089385500e-01	7.618708740452091455e-01
2.423674055555555640e+01	8.016759776536312998e-01	7.618799950561513379e-01
2.423784694444444199e+01	8.030726256983240496e-01	7.618955927809227813e-01
2.423824749999999995e+01	8.044692737430167995e-01	7.619012395084545641e-01
2.423881944444444514e+01	8.058659217877095493e-01	7.619093021140516120e-01
2.424004194444444238e+01	8.072625698324022991e-01	7.619265345775502185e-01
2.424089000000000027e+01	8.086592178770950490e-01	7.619384881077374549e-01
2.424155805555555432e+01	8.100558659217876878e-01	7.619479040755878785e-01
2.424171999999999727e+01	8.114525139664804376e-01	7.619501865597360091e-01
2.424331888888888997e+01	8.128491620111731875e-01	7.619727205116064717e-01
2.424391194444444508e+01	8.142458100558659373e-01	7.619810782019327267e-01
2.424519833333333452e+01	8.156424581005586871e-01	7.619992057478486291e-01
2.424824833333333274e+01	8.170391061452514370e-01	7.620421802468368977e-01
2.424876555555555413e+01	8.184357541899441868e-01	7.620494671382163077e-01
2.425115638888888725e+01	8.198324022346369366e-01	7.620831475222495932e-01
2.425564444444444590e+01	8.212290502793296865e-01	7.621463592292829770e-01
2.425790916666666774e+01	8.226256983240223253e-01	7.621782501763905149e-01
2.426230138888888987e+01	8.240223463687150751e-01	7.622400875727989300e-01
2.426323361111111154e+01	8.254189944134078250e-01	7.622532101122443393e-01
2.426829277777778060e+01	8.268156424581005748e-01	7.623244134570084096e-01
2.427007111111111115e+01	8.282122905027933246e-01	7.623494368772112395e-01
2.427180749999999776e+01	8.296089385474860745e-01	7.623738675434454937e-01
2.427350111111111275e+01	8.310055865921788243e-01	7.623976939149178511e-01
2.428264361111111214e+01	8.324022346368715741e-01	7.625262728643048549e-01
2.428600555555555474e+01	8.337988826815643240e-01	7.625735373206832257e-01
2.429629611111111132e+01	8.351955307262569628e-01	7.627181503546003327e-01
2.429934861111111033e+01	8.365921787709497126e-01	7.627610301531206893e-01
2.430388611111111175e+01	8.379888268156424624e-01	7.628247560740892830e-01
2.430577861111111204e+01	8.393854748603352123e-01	7.628513298153269950e-01
2.431206472222222459e+01	8.407821229050279621e-01	7.629395755493526554e-01
2.431226472222222412e+01	8.421787709497207119e-01	7.629423826518499929e-01
2.431230833333333408e+01	8.435754189944134618e-01	7.629429947517301080e-01
2.431254611111111075e+01	8.449720670391062116e-01	7.629463320328313536e-01
2.431561694444444655e+01	8.463687150837989615e-01	7.629894278613474912e-01
2.431679111111111169e+01	8.477653631284916003e-01	7.630059039514597297e-01
2.431756111111111096e+01	8.491620111731843501e-01	7.630167080899202814e-01
2.432101972222222130e+01	8.505586592178770999e-01	7.630652309938044109e-01
2.432302138888888621e+01	8.519553072625698498e-01	7.630933090220868298e-01
2.432479166666666615e+01	8.533519553072625996e-01	7.631181385106131643e-01
2.432866999999999891e+01	8.547486033519553494e-01	7.631725259819519547e-01
2.433290722222222158e+01	8.561452513966480993e-01	7.632319320266354179e-01
2.435480888888888984e+01	8.575418994413408491e-01	7.635387568785322321e-01
2.435797138888888824e+01	8.589385474860335989e-01	7.635830281130704389e-01
2.435806722222222120e+01	8.603351955307262378e-01	7.635843695362332095e-01
2.436156055555555611e+01	8.617318435754189876e-01	7.636332621315519154e-01
2.439203000000000188e+01	8.631284916201117374e-01	7.640592831352179815e-01
2.439709361111111008e+01	8.645251396648044873e-01	7.641300076421093657e-01
2.439808055555555555e+01	8.659217877094972371e-01	7.641437900309852038e-01
2.440035583333333236e+01	8.673184357541899869e-01	7.641755605476225899e-01
2.440241444444444241e+01	8.687150837988827368e-01	7.642043019824652506e-01
2.440455611111111267e+01	8.701117318435754866e-01	7.642341992851895416e-01
2.440457083333333443e+01	8.715083798882682364e-01	7.642344047917906114e-01
2.440664611111111171e+01	8.729050279329608752e-01	7.642633716753201023e-01
2.440674277777777945e+01	8.743016759776536251e-01	7.642647208691816241e-01
2.441062083333333277e+01	8.756983240223463749e-01	7.643188412120420772e-01
2.441103277777777691e+01	8.770949720670391248e-01	7.643245893873851227e-01
2.441399888888888725e+01	8.784916201117318746e-01	7.643659736616092992e-01
2.441457805555555538e+01	8.798882681564246244e-01	7.643740535601097896e-01
2.441508083333333090e+01	8.812849162011173743e-01	7.643810675399071997e-01
2.441555555555555657e+01	8.826815642458101241e-01	7.643876899402441971e-01
2.441564500000000137e+01	8.840782122905028739e-01	7.643889376741792585e-01
2.441983916666666588e+01	8.854748603351955127e-01	7.644474381271325614e-01
2.443183388888888885e+01	8.868715083798882626e-01	7.646146609741738542e-01
2.443457388888888815e+01	8.882681564245810124e-01	7.646528436652783034e-01
2.443625444444444383e+01	8.896648044692737622e-01	7.646762596276500679e-01
2.445688249999999897e+01	8.910614525139665121e-01	7.649634901870051573e-01
2.446876722222222256e+01	8.924581005586592619e-01	7.651288170271944855e-01
2.447049805555555579e+01	8.938547486033520117e-01	7.651528847234451147e-01
2.447370527777777838e+01	8.952513966480447616e-01	7.651974754796539990e-01
2.447898666666666756e+01	8.966480446927375114e-01	7.652708854078095202e-01
2.451174777777777791e+01	8.980446927374301502e-01	7.657257438330080657e-01
2.451844083333333302e+01	8.994413407821229001e-01	7.658185623743155590e-01
2.451896194444444532e+01	9.008379888268156499e-01	7.658257875413192473e-01
2.451959611111111315e+01	9.022346368715083997e-01	7.658345799145312993e-01
2.452060638888888988e+01	9.036312849162011496e-01	7.658485861802752925e-01
2.452172361111110988e+01	9.050279329608938994e-01	7.658640741244598926e-01
2.452358000000000260e+01	9.064245810055866492e-01	7.658898067997190751e-01
2.452930694444444626e+01	9.078212290502793991e-01	7.659691740720967479e-01
2.453258916666666423e+01	9.092178770949721489e-01	7.660146488553603028e-01
2.453300277777777794e+01	9.106145251396647877e-01	7.660203787592417823e-01
2.456228944444444551e+01	9.120111731843575376e-01	7.664257410017384364e-01
2.456340333333332993e+01	9.134078212290502874e-01	7.664411446757619650e-01
2.456616416666666680e+01	9.148044692737430372e-01	7.664793191286958240e-01
2.456820166666666694e+01	9.162011173184357871e-01	7.665074879425014531e-01
2.456917111111111041e+01	9.175977653631285369e-01	7.665208894979826937e-01
2.457137166666666417e+01	9.189944134078212867e-01	7.665513070223458625e-01
2.457288722222222077e+01	9.203910614525140366e-01	7.665722537222825483e-01
2.457415388888888685e+01	9.217877094972067864e-01	7.665897590530992289e-01
2.458037861111111155e+01	9.231843575418994252e-01	7.666757656264583387e-01
2.458603166666666695e+01	9.245810055865921750e-01	7.667538460597040917e-01
2.458885388888888812e+01	9.259776536312849249e-01	7.667928170285975842e-01
2.458895333333333610e+01	9.273743016759776747e-01	7.667941900994841298e-01
2.459012055555555420e+01	9.287709497206704246e-01	7.668103058188200372e-01
2.459217333333333144e+01	9.301675977653631744e-01	7.668386456127220807e-01
2.459220333333333386e+01	9.315642458100559242e-01	7.668390597546748122e-01
2.459261500000000211e+01	9.329608938547486741e-01	7.668447426282790635e-01
2.459420277777777741e+01	9.343575418994414239e-01	7.668666598906885845e-01
2.459546027777777866e+01	9.357541899441340627e-01	7.668840166244218493e-01
2.459927111111111131e+01	9.371508379888268125e-01	7.669366080328918756e-01
2.461577388888888862e+01	9.385474860335195624e-01	7.671642177246540406e-01
2.461711277777777696e+01	9.399441340782123122e-01	7.671826742029447255e-01
2.461734638888889037e+01	9.413407821229050620e-01	7.671858943638761863e-01
2.462413666666666856e+01	9.427374301675978119e-01	7.672794739935123731e-01
2.462556888888888906e+01	9.441340782122905617e-01	7.672992072369215766e-01
2.462628861111111078e+01	9.455307262569833116e-01	7.673091229810271585e-01
2.462809250000000105e+01	9.469273743016760614e-01	7.673339736301197922e-01
2.464309222222222218e+01	9.483240223463687002e-01	7.675405093375839982e-01
2.466971444444444117e+01	9.497206703910614500e-01	7.679066273942064536e-01
2.467137777777777785e+01	9.511173184357541999e-01	7.679294829840732639e-01
2.468866749999999755e+01	9.525139664804469497e-01	7.681669249646506659e-01
2.468918999999999997e+01	9.539106145251396995e-01	7.681740967413931420e-01
2.469207222222222242e+01	9.553072625698324494e-01	7.682136538150872163e-01
2.469390833333333646e+01	9.567039106145251992e-01	7.682388500118254582e-01
2.470210277777777819e+01	9.581005586592179490e-01	7.683512656143309805e-01
2.470246194444444399e+01	9.594972067039106989e-01	7.683561915998043945e-01
2.470821027777777701e+01	9.608938547486033377e-01	7.684350159731987429e-01
2.470971972222222135e+01	9.622905027932960875e-01	7.684557098759623450e-01
2.472419805555555428e+01	9.636871508379888374e-01	7.686541083404596630e-01
2.472651305555555723e+01	9.650837988826815872e-01	7.686858153156446161e-01
2.472777777777777786e+01	9.664804469273743370e-01	7.687031355172805336e-01
2.472899750000000196e+01	9.678770949720670869e-01	7.687198382214401882e-01
2.472996805555555255e+01	9.692737430167598367e-01	7.687331280106579623e-01
2.473167805555555532e+01	9.706703910614525865e-01	7.687565411333353582e-01
2.473294222222222416e+01	9.720670391061453364e-01	7.687738484335588929e-01
2.473642472222222111e+01	9.734636871508379752e-01	7.688215195246714817e-01
2.474181749999999980e+01	9.748603351955307250e-01	7.688953205485309361e-01
2.476657888888888692e+01	9.762569832402234749e-01	7.692338817758899161e-01
2.476888833333333650e+01	9.776536312849162247e-01	7.692654333957933410e-01
2.476935833333333292e+01	9.790502793296089745e-01	7.692718540054175325e-01
2.477711222222222531e+01	9.804469273743017244e-01	7.693777531015750792e-01
2.479206138888888944e+01	9.818435754189944742e-01	7.695817848682913187e-01
2.479304944444444558e+01	9.832402234636872240e-01	7.695952638554063308e-01
2.479949138888888882e+01	9.846368715083799739e-01	7.696831250991819084e-01
2.480127861111111187e+01	9.860335195530726127e-01	7.697074949643326613e-01
2.480243722222222402e+01	9.874301675977653625e-01	7.697232919558816278e-01
2.480430916666666974e+01	9.888268156424581123e-01	7.697488125446708684e-01
2.480448138888888820e+01	9.902234636871508622e-01	7.697511603422025894e-01
2.480677444444444646e+01	9.916201117318436120e-01	7.697824178490547675e-01
2.481145194444444257e+01	9.930167597765363618e-01	7.698461654635748719e-01
2.481361000000000061e+01	9.944134078212291117e-01	7.698755707137885373e-01
2.481392805555555725e+01	9.958100558659218615e-01	7.698799041599950765e-01
2.482535500000000184e+01	9.972067039106146114e-01	7.700355399761059649e-01
2.483083111111110952e+01	9.986033519553072502e-01	7.701100876953044239e-01
2.483284305555555704e+01	1.000000000000000000e+00	7.701374707454093915e-01
