5.988888888888888214e-03	0.000000000000000000e+00	4.027259790203463474e-03
2.065222222222222112e-02	1.250000000000000069e-02	1.381935901900854802e-02
2.653583333333333141e-02	2.500000000000000139e-02	1.772128670343364742e-02
2.828638888888888869e-02	3.750000000000000555e-02	1.887924758995251917e-02
3.453055555555555739e-02	5.000000000000000278e-02	2.299854371107956652e-02
3.577611111111111269e-02	6.250000000000000000e-02	2.381816919112389463e-02
6.349111111111110928e-02	7.500000000000001110e-02	4.187893320024327348e-02
6.480388888888889698e-02	8.750000000000000833e-02	4.272608045613845995e-02
6.482361111111110963e-02	1.000000000000000056e-01	4.273880167014576514e-02
7.247361111111109977e-02	1.125000000000000028e-01	4.766047085593227983e-02
7.782250000000000278e-02	1.250000000000000000e-01	5.108666809570638900e-02
9.666833333333332834e-02	1.375000000000000111e-01	6.306032261570315711e-02
1.167030555555555460e-01	1.500000000000000222e-01	7.562369435831428621e-02
1.216288888888888836e-01	1.625000000000000056e-01	7.868669688913421112e-02
1.224213888888888851e-01	1.750000000000000167e-01	7.917854389481882027e-02
1.377322222222222281e-01	1.875000000000000000e-01	8.862949084187354831e-02
1.391052777777777860e-01	2.000000000000000111e-01	8.947228509412374908e-02
1.449888888888888894e-01	2.125000000000000222e-01	9.307488400003360862e-02
1.793008333333333260e-01	2.250000000000000056e-01	1.138023109560156731e-01
2.372308333333333075e-01	2.375000000000000167e-01	1.477277096325797512e-01
2.488405555555555648e-01	2.500000000000000000e-01	1.543688395912758970e-01
2.509388888888888780e-01	2.625000000000000111e-01	1.555636193108057563e-01
2.539969444444444280e-01	2.750000000000000222e-01	1.573018375738145513e-01
2.733761111111110975e-01	2.875000000000000333e-01	1.682342021284732869e-01
3.191111111111111232e-01	3.000000000000000444e-01	1.934756640813311002e-01
3.342566666666667019e-01	3.125000000000000000e-01	2.016646079105334222e-01
3.460447222222222119e-01	3.250000000000000111e-01	2.079806247556497123e-01
3.488972222222221919e-01	3.375000000000000222e-01	2.095014647581858735e-01
3.579555555555555824e-01	3.500000000000000333e-01	2.143116746434384767e-01
4.383313888888888954e-01	3.625000000000000444e-01	2.557314665381728025e-01
5.003177777777777502e-01	3.750000000000000000e-01	2.861772596683529457e-01
5.352188888888889107e-01	3.875000000000000111e-01	3.027682533064807169e-01
5.389874999999999527e-01	4.000000000000000222e-01	3.045365150596250903e-01
6.565227777777777884e-01	4.125000000000000333e-01	3.574904291573340887e-01
6.949244444444444557e-01	4.250000000000000444e-01	3.739024612584403995e-01
7.806797222222222610e-01	4.375000000000000000e-01	4.090548804311952003e-01
7.879502777777778189e-01	4.500000000000000111e-01	4.119428376023068772e-01
8.230052777777777662e-01	4.625000000000000222e-01	4.256702870021428220e-01
8.256205555555555797e-01	4.750000000000000333e-01	4.266814842427829602e-01
1.083529722222222214e+00	4.875000000000000444e-01	5.181374567902434780e-01
1.083725277777777718e+00	5.000000000000000000e-01	5.182009466084682714e-01
1.152913055555555566e+00	5.125000000000000666e-01	5.401467103516410795e-01
1.188655555555555576e+00	5.250000000000000222e-01	5.510894071739195210e-01
1.201149444444444381e+00	5.374999999999999778e-01	5.548527179246280916e-01
1.291305833333333375e+00	5.500000000000000444e-01	5.810897679095118340e-01
1.336337222222222287e+00	5.625000000000000000e-01	5.936097439869651993e-01
1.435089999999999977e+00	5.750000000000000666e-01	6.197712608925264322e-01
1.438191388888888866e+00	5.875000000000000222e-01	6.205650165428555631e-01
1.469874722222222152e+00	6.000000000000000888e-01	6.285795833732165105e-01
1.510195277777777845e+00	6.125000000000000444e-01	6.385346790613111168e-01
1.603718888888888916e+00	6.250000000000000000e-01	6.606104090533303497e-01
1.640866666666666696e+00	6.375000000000000666e-01	6.690001147550238558e-01
1.641809166666666542e+00	6.500000000000000222e-01	6.692102556974014460e-01
1.785006944444444299e+00	6.625000000000000888e-01	6.996361901909573522e-01
1.795910833333333567e+00	6.750000000000000444e-01	7.018349305478251976e-01
1.815776944444444263e+00	6.875000000000000000e-01	7.057995863884358734e-01
1.823178888888888904e+00	7.000000000000000666e-01	7.072632655582286043e-01
2.190738611111111123e+00	7.125000000000000222e-01	7.714837833329502015e-01
2.367709722222222091e+00	7.250000000000000888e-01	7.971713067748468218e-01
2.427621944444444679e+00	7.375000000000000444e-01	8.051963526990990605e-01
2.609483333333333377e+00	7.500000000000000000e-01	8.276630536582554321e-01
2.739896666666666647e+00	7.625000000000000666e-01	8.421607113798650346e-01
2.789631944444444400e+00	7.750000000000000222e-01	8.473626144638315427e-01
2.797000277777777377e+00	7.875000000000000888e-01	8.481185624057800965e-01
2.861539722222222082e+00	8.000000000000000444e-01	8.545819517620486527e-01
2.867723333333333180e+00	8.125000000000000000e-01	8.551865897074544254e-01
2.875617222222222047e+00	8.250000000000000666e-01	8.559548080359861144e-01
3.115491666666666770e+00	8.375000000000000222e-01	8.774527621962604496e-01
3.310624166666666479e+00	8.500000000000000888e-01	8.925512746782319207e-01
3.441215833333333585e+00	8.625000000000000444e-01	9.016021060779908503e-01
3.981980277777778188e+00	8.750000000000000000e-01	9.316497444850020404e-01
4.047607777777778360e+00	8.875000000000000666e-01	9.346063839047522581e-01
4.605000000000000426e+00	9.000000000000000222e-01	9.550816440827526455e-01
5.799809722222222241e+00	9.125000000000000888e-01	9.799191176531627523e-01
6.634814444444444348e+00	9.250000000000000444e-01	9.885598257281654755e-01
7.436001111111110617e+00	9.375000000000000000e-01	9.933322581594473677e-01
7.571264166666666462e+00	9.500000000000000666e-01	9.939130980207427912e-01
7.799578888888889061e+00	9.625000000000000222e-01	9.947810416933595690e-01
8.406832222222222484e+00	9.750000000000000888e-01	9.965335790029447027e-01
9.088001666666666978e+00	9.875000000000000444e-01	9.978094736906217843e-01
1.080266305555555562e+01	1.000000000000000000e+00	9.993101073358863218e-01
