7.766666666666666077e-04	0.000000000000000000e+00	5.957325571981364476e-05
8.344444444444444045e-04	1.194743130227001121e-03	6.400488684710214926e-05
8.733333333333333833e-04	2.389486260454002243e-03	6.698770443169799194e-05
9.319444444444444434e-04	3.584229390681003581e-03	7.148321983785344003e-05
9.749999999999999552e-04	4.778972520908004486e-03	7.478559979501309130e-05
1.266111111111111083e-03	5.973715651135005390e-03	9.711366327636028473e-05
1.920000000000000049e-03	7.168458781362007162e-03	1.472647668074866800e-04
2.265555555555555812e-03	8.363201911589008067e-03	1.737667130248254921e-04
3.301388888888888862e-03	9.557945041816008971e-03	2.532044314926817918e-04
5.136944444444443980e-03	1.075268817204300988e-02	3.939570834238237396e-04
5.467777777777778001e-03	1.194743130227001078e-02	4.193236815462908496e-04
5.988888888888888214e-03	1.314217443249701169e-02	4.592784953101336498e-04
6.144722222222221558e-03	1.433691756272401432e-02	4.712262930601784916e-04
7.197777777777777768e-03	1.553166069295101523e-02	5.519606982131719519e-04
8.059166666666667603e-03	1.672640382317801613e-02	6.179957835751315187e-04
8.173333333333332798e-03	1.792114695340501704e-02	6.267476070596078586e-04
8.267777777777778406e-03	1.911589008363201794e-02	6.339875004349737608e-04
8.340277777777778054e-03	2.031063321385901885e-02	6.395451477060332124e-04
8.678888888888888764e-03	2.150537634408601975e-02	6.655017193696322053e-04
8.978888888888888684e-03	2.270011947431302066e-02	6.884979546440961329e-04
9.074166666666667880e-03	2.389486260454002156e-02	6.958012779046951479e-04
9.374166666666666065e-03	2.508960573476702247e-02	7.187968159393376411e-04
9.418333333333332377e-03	2.628434886499402337e-02	7.221822254628307292e-04
9.589166666666667713e-03	2.747909199522102427e-02	7.352766260214638194e-04
9.889166666666665897e-03	2.867383512544802865e-02	7.582712556671866722e-04
1.008583333333333207e-02	2.986857825567502955e-02	7.733452257373540917e-04
1.011388888888888754e-02	3.106332138590203046e-02	7.754955899398341401e-04
1.027222222222222078e-02	3.225806451612903136e-02	7.876312219530223757e-04
1.038583333333333372e-02	3.345280764635603227e-02	7.963389793657071891e-04
1.042249999999999947e-02	3.464755077658303317e-02	7.991492907437613979e-04
1.052611111111111108e-02	3.584229390681003408e-02	8.070905066863698352e-04
1.059805555555555501e-02	3.703703703703703498e-02	8.126046114603768800e-04
1.066055555555555506e-02	3.823178016726403589e-02	8.173948322203195005e-04
1.067527777777777659e-02	3.942652329749103679e-02	8.185231919907165477e-04
1.075722222222222184e-02	4.062126642771803769e-02	8.248036617681808735e-04
1.078499999999999945e-02	4.181600955794503860e-02	8.269326256149511778e-04
1.090888888888888811e-02	4.301075268817203950e-02	8.364277491397231756e-04
1.105638888888888817e-02	4.420549581839904041e-02	8.477323637423594960e-04
1.122583333333333246e-02	4.540023894862604131e-02	8.607186746352191165e-04
1.124472222222222192e-02	4.659498207885304222e-02	8.621663185076622327e-04
1.127611111111111175e-02	4.778972520908004312e-02	8.645719573627808074e-04
1.146166666666666688e-02	4.898446833930704403e-02	8.787927837746734028e-04
1.155166666666666668e-02	5.017921146953404493e-02	8.856902374623221164e-04
1.158000000000000002e-02	5.137395459976104584e-02	8.878616482128620646e-04
1.177361111111110969e-02	5.256869772998804674e-02	9.026994953710287817e-04
1.194111111111111068e-02	5.376344086021504765e-02	9.155360777538534833e-04
1.201444444444444565e-02	5.495818399044204855e-02	9.211560221109582614e-04
1.213527777777777782e-02	5.615292712066904945e-02	9.304160887406709435e-04
1.280638888888888972e-02	5.734767025089605730e-02	9.818451495802182905e-04
1.317888888888888929e-02	5.854241338112305820e-02	1.010389690231150439e-03
1.357388888888888881e-02	5.973715651135005911e-02	1.040657506792164178e-03
1.368638888888888856e-02	6.093189964157706001e-02	1.049277919667246373e-03
1.368861111111111147e-02	6.212664277180406092e-02	1.049448198678470945e-03
1.391583333333333387e-02	6.332138590203105488e-02	1.066859074367210169e-03
1.394388888888888935e-02	6.451612903225806273e-02	1.069008806919402588e-03
1.409249999999999912e-02	6.571087216248505669e-02	1.080395926946198237e-03
1.451694444444444516e-02	6.690561529271206453e-02	1.112917678332880911e-03
1.461472222222222166e-02	6.810035842293905850e-02	1.120409450065307233e-03
1.564916666666666886e-02	6.929510155316606634e-02	1.199665547960915291e-03
1.565499999999999878e-02	7.048984468339306031e-02	1.200112463012437125e-03
1.586222222222222200e-02	7.168458781362006815e-02	1.215988458445838027e-03
1.757361111111111276e-02	7.287933094384706212e-02	1.347094102880586064e-03
1.847083333333333563e-02	7.407407407407406996e-02	1.415821398112027119e-03
2.065222222222222112e-02	7.526881720430106393e-02	1.582896236301145620e-03
2.066194444444444459e-02	7.646356033452807177e-02	1.583640808813790990e-03
2.078249999999999889e-02	7.765830346475507961e-02	1.592873461838562044e-03
2.378250000000000156e-02	7.885304659498207358e-02	1.822598622478355246e-03
2.518777777777777768e-02	8.004778972520908142e-02	1.930189663716275206e-03
2.606250000000000233e-02	8.124253285543607539e-02	1.997154392586963922e-03
2.653583333333333141e-02	8.243727598566308323e-02	2.033388752233133978e-03
2.828638888888888869e-02	8.363201911589007720e-02	2.167384913585812534e-03
2.862555555555555686e-02	8.482676224611708504e-02	2.193344323391577255e-03
2.873194444444444537e-02	8.602150537634407901e-02	2.201487062176266107e-03
2.984999999999999806e-02	8.721624850657108685e-02	2.287056212373239639e-03
2.986833333333333354e-02	8.841099163679808082e-02	2.288459272689613577e-03
3.040444444444444574e-02	8.960573476702508866e-02	2.329487285247733297e-03
3.041416666666666574e-02	9.080047789725208263e-02	2.330231300987861687e-03
3.083388888888888638e-02	9.199522102747909047e-02	2.362350994338013876e-03
3.118361111111110986e-02	9.318996415770608444e-02	2.389113072814641470e-03
3.279750000000000026e-02	9.438470728793309228e-02	2.512604706366161622e-03
3.361611111111111050e-02	9.557945041816008624e-02	2.575237390206930321e-03
3.399361111111110639e-02	9.677419354838709409e-02	2.604118935060184548e-03
3.453055555555555739e-02	9.796893667861408805e-02	2.645197719646996681e-03
3.488694444444444265e-02	9.916367980884109590e-02	2.672462217787052730e-03
3.489055555555555660e-02	1.003584229390680899e-01	2.672738471553359751e-03
3.577611111111111269e-02	1.015531660692950977e-01	2.740482084915396577e-03
3.697305555555555762e-02	1.027479091995220917e-01	2.832039147736664653e-03
3.719305555555555559e-02	1.039426523297490995e-01	2.848866544620465291e-03
3.810305555555555668e-02	1.051373954599760935e-01	2.918467760691934032e-03
3.811805555555555086e-02	1.063321385902031013e-01	2.919614992783481355e-03
3.984750000000000097e-02	1.075268817204300953e-01	3.051877754735032866e-03
4.223472222222222211e-02	1.087216248506571031e-01	3.234416580105925476e-03
4.232999999999999957e-02	1.099163679808840971e-01	3.241701296889276662e-03
4.355333333333333279e-02	1.111111111111111049e-01	3.335229781723070275e-03
4.601805555555555510e-02	1.123058542413380989e-01	3.523640515255332950e-03
4.619055555555555415e-02	1.135005973715651068e-01	3.536825597146631139e-03
4.715083333333332932e-02	1.146953405017921146e-01	3.610221487438836085e-03
4.872499999999999748e-02	1.158900836320191086e-01	3.730526399811973093e-03
4.927833333333332677e-02	1.170848267622461164e-01	3.772811176913748454e-03
4.952916666666666579e-02	1.182795698924731104e-01	3.791978835591125474e-03
5.005194444444444751e-02	1.194743130227001182e-01	3.831926192551460275e-03
5.129666666666667096e-02	1.206690561529271122e-01	3.927033510565447472e-03
5.274611111111111167e-02	1.218637992831541200e-01	4.037771896821862327e-03
5.464638888888889018e-02	1.230585424133811140e-01	4.182935557518363545e-03
5.758833333333333859e-02	1.242532855436081218e-01	4.407631192234529038e-03
5.877083333333332771e-02	1.254480286738351158e-01	4.497932204295840286e-03
5.962805555555555914e-02	1.266427718040621098e-01	4.563388423204584043e-03
6.050666666666666693e-02	1.278375149342891315e-01	4.630473399687029534e-03
6.134027777777777135e-02	1.290322580645161255e-01	4.694118291959870071e-03
6.205416666666666720e-02	1.302270011947431194e-01	4.748619346769955563e-03
6.349111111111110928e-02	1.314217443249701134e-01	4.858312226379224441e-03
6.480388888888889698e-02	1.326164874551971351e-01	4.958515953505271412e-03
6.482361111111110963e-02	1.338112305854241291e-01	4.960021264771685701e-03
7.247361111111109977e-02	1.350059737156511230e-01	5.543740701507982038e-03
7.549861111111111356e-02	1.362007168458781170e-01	5.774463380126992895e-03
7.558277777777777651e-02	1.373954599761051387e-01	5.780882171274925874e-03
7.565111111111111342e-02	1.385902031063321327e-01	5.786093436578432225e-03
7.639222222222222247e-02	1.397849462365591267e-01	5.842610608140730299e-03
7.720888888888888246e-02	1.409796893667861206e-01	5.904885929488234986e-03
7.782250000000000278e-02	1.421744324970131423e-01	5.951674582139632186e-03
7.820249999999999424e-02	1.433691756272401363e-01	5.980648976750990720e-03
8.230694444444444646e-02	1.445639187574671303e-01	6.293552506482336106e-03
8.233250000000000290e-02	1.457586618876941242e-01	6.295500433198264467e-03
8.289055555555555066e-02	1.469534050179211460e-01	6.338036272104163871e-03
8.495638888888890072e-02	1.481481481481481399e-01	6.495481369847788677e-03
8.867694444444444712e-02	1.493428912783751339e-01	6.778976286504811988e-03
8.899361111111112055e-02	1.505376344086021279e-01	6.803101578877090994e-03
9.166138888888888947e-02	1.517323775388291496e-01	7.006323323601404418e-03
9.504499999999999060e-02	1.529271206690561435e-01	7.264014870695056914e-03
9.530694444444444413e-02	1.541218637992831375e-01	7.283961439480513000e-03
9.607611111111111213e-02	1.553166069295101592e-01	7.342529694833732634e-03
9.666833333333332834e-02	1.565113500597371532e-01	7.387622147278727347e-03
9.738694444444444265e-02	1.577060931899641472e-01	7.442335238229236261e-03
9.830555555555554881e-02	1.589008363201911411e-01	7.512271392354552546e-03
9.882361111111111207e-02	1.600955794504181628e-01	7.551710080232698630e-03
1.014224999999999988e-01	1.612903225806451568e-01	7.749535418878905624e-03
1.036744444444444441e-01	1.624850657108721508e-01	7.920919736483011953e-03
1.134300000000000030e-01	1.636798088410991447e-01	8.663024843652777918e-03
1.155622222222222190e-01	1.648745519713261665e-01	8.825149049129232814e-03
1.167030555555555460e-01	1.660692951015531604e-01	8.911881791722642276e-03
1.179988888888888893e-01	1.672640382317801544e-01	9.010389323724554700e-03
1.188397222222222216e-01	1.684587813620071484e-01	9.074303121145321782e-03
1.212163888888888874e-01	1.696535244922341701e-01	9.254937073652436119e-03
1.216288888888888836e-01	1.708482676224611641e-01	9.286284984599713077e-03
1.224213888888888851e-01	1.720430107526881580e-01	9.346508187789592803e-03
1.276694444444444465e-01	1.732377538829151520e-01	9.745223020743098985e-03
1.335244444444444456e-01	1.744324970131421737e-01	1.018986036016522601e-02
1.373052777777777622e-01	1.756272401433691677e-01	1.047687633076543889e-02
1.377322222222222281e-01	1.768219832735961616e-01	1.050928191146072166e-02
1.391052777777777860e-01	1.780167264038231556e-01	1.061349123330446176e-02
1.399533333333333185e-01	1.792114695340501773e-01	1.067784971166418906e-02
1.449888888888888894e-01	1.804062126642771713e-01	1.105990908400367179e-02
1.467241666666666555e-01	1.816009557945041653e-01	1.119153447991416694e-02
1.473527777777777770e-01	1.827956989247311592e-01	1.123921196775801157e-02
1.475427777777777727e-01	1.839904420549581809e-01	1.125362220983661121e-02
1.497344444444444478e-01	1.851851851851851749e-01	1.141983043362693184e-02
1.542666666666666631e-01	1.863799283154121689e-01	1.176344946318974571e-02
1.623391666666666733e-01	1.875746714456391628e-01	1.237518557572614419e-02
1.650452777777777769e-01	1.887694145758661846e-01	1.258017060747651517e-02
1.651650000000000063e-01	1.899641577060931785e-01	1.258923845534087871e-02
1.656797222222222143e-01	1.911589008363201725e-01	1.262822294081766827e-02
1.676972222222222197e-01	1.923536439665471942e-01	1.278101129543152137e-02
1.695286111111111160e-01	1.935483870967741882e-01	1.291968469948989728e-02
1.793008333333333260e-01	1.947431302270011821e-01	1.365931155193522706e-02
1.816016666666666612e-01	1.959378733572281761e-01	1.383337332043066414e-02
1.818375000000000130e-01	1.971326164874551978e-01	1.385121275840839328e-02
1.892250000000000043e-01	1.983273596176821918e-01	1.440987137314730937e-02
1.930191666666666861e-01	1.995221027479091858e-01	1.469667138090080538e-02
1.954177777777777736e-01	2.007168458781361797e-01	1.487793867202058529e-02
1.954716666666666547e-01	2.019115890083632014e-01	1.488201076777684317e-02
1.994280555555555667e-01	2.031063321385901954e-01	1.518092798517778341e-02
2.072038888888888819e-01	2.043010752688171894e-01	1.576815156679989283e-02
2.092208333333333559e-01	2.054958183990441833e-01	1.592041210505013016e-02
2.137269444444444555e-01	2.066905615292712051e-01	1.626049647416105692e-02
2.182061111111111285e-01	2.078853046594981990e-01	1.659843082072243181e-02
2.284822222222221977e-01	2.090800477897251930e-01	1.737328171919305664e-02
2.297502777777777894e-01	2.102747909199521870e-01	1.746885474460646570e-02
2.372308333333333075e-01	2.114695340501792087e-01	1.803247318008494027e-02
2.444905555555555721e-01	2.126642771804062026e-01	1.857914390733872434e-02
2.509388888888888780e-01	2.138590203106331966e-01	1.906446030507236156e-02
2.539969444444444280e-01	2.150537634408601906e-01	1.929453269844239038e-02
2.636027777777777970e-01	2.162485065710872123e-01	2.001687535023100040e-02
2.671505555555555578e-01	2.174432497013142063e-01	2.028352776409125813e-02
2.731991666666666596e-01	2.186379928315412002e-01	2.073797653536035845e-02
2.733761111111110975e-01	2.198327359617681942e-01	2.075126768361368335e-02
2.768186111111111125e-01	2.210274790919952159e-01	2.100981452329997445e-02
2.780986111111111159e-01	2.222222222222222099e-01	2.110593072339872478e-02
2.787161111111111089e-01	2.234169653524492039e-01	2.115229590651135361e-02
2.829336111111110941e-01	2.246117084826761978e-01	2.146890951410873605e-02
2.854866666666666664e-01	2.258064516129032195e-01	2.166052119264361142e-02
2.878288888888888564e-01	2.270011947431302135e-01	2.183627642728436236e-02
2.923594444444443941e-01	2.281959378733572075e-01	2.217614981240290106e-02
2.975927777777778171e-01	2.293906810035842292e-01	2.256859721851522949e-02
2.996922222222222487e-01	2.305854241338112232e-01	2.272599018148213634e-02
3.034972222222221960e-01	2.317801672640382171e-01	2.301118211599806340e-02
3.053472222222222143e-01	2.329749103942652111e-01	2.314981303833540949e-02
3.081405555555555842e-01	2.341696535244922328e-01	2.335909596836494018e-02
3.191111111111111232e-01	2.353643966547192268e-01	2.418060135939337219e-02
3.301502777777777786e-01	2.365591397849462207e-01	2.500654703190618999e-02
3.301525000000000154e-01	2.377538829151732147e-01	2.500671322721237377e-02
3.342566666666667019e-01	2.389486260454002364e-01	2.531360684745698197e-02
3.488972222222221919e-01	2.401433691756272304e-01	2.640758393944953042e-02
3.530699999999999950e-01	2.413381123058542244e-01	2.671915889554121737e-02
3.532491666666666141e-01	2.425328554360812183e-01	2.673253476462433831e-02
3.579555555555555824e-01	2.437275985663082400e-01	2.708382916864737755e-02
3.679786111111110758e-01	2.449223416965352340e-01	2.783154784148111904e-02
3.751569444444444734e-01	2.461170848267622280e-01	2.836669742282871276e-02
3.755019444444444576e-01	2.473118279569892219e-01	2.839240998446590503e-02
3.967227777777777575e-01	2.485065710872162437e-01	2.997267353001775714e-02
3.971255555555555650e-01	2.497013142174432376e-01	3.000264253796602887e-02
3.981097222222221843e-01	2.508960573476702316e-01	3.007586636364489863e-02
4.115588888888889185e-01	2.520908004778972256e-01	3.107595559203635283e-02
4.142163888888888978e-01	2.532855436081242195e-01	3.127344706457391155e-02
4.180749999999999744e-01	2.544802867383512135e-01	3.156012716672729201e-02
4.218933333333333424e-01	2.556750298685782630e-01	3.184373126845685409e-02
4.225688888888888828e-01	2.568697729988052569e-01	3.189389904862649505e-02
4.298988888888888860e-01	2.580645161290322509e-01	3.243806886707201187e-02
4.383313888888888954e-01	2.592592592592592449e-01	3.306370853884543770e-02
4.404000000000000137e-01	2.604540023894862388e-01	3.321712496576822993e-02
4.479491666666666760e-01	2.616487455197132328e-01	3.377679471230332631e-02
4.588327777777777561e-01	2.628434886499402268e-01	3.458309871164944038e-02
4.623747222222222009e-01	2.640382317801672207e-01	3.484535581068759491e-02
4.882372222222222113e-01	2.652329749103942702e-01	3.675814146604239330e-02
4.948933333333333517e-01	2.664277180406212642e-01	3.724981253325332364e-02
4.950416666666667131e-01	2.676224611708482581e-01	3.726076670391631485e-02
4.955427777777777765e-01	2.688172043010752521e-01	3.729777200665984616e-02
5.000249999999999417e-01	2.700119474313022461e-01	3.762870518528893538e-02
5.003177777777777502e-01	2.712066905615292400e-01	3.765031770983229276e-02
5.026688888888888318e-01	2.724014336917562340e-01	3.782385647621888669e-02
5.064044444444444348e-01	2.735961768219832835e-01	3.809951864581884173e-02
5.122688888888888847e-01	2.747909199522102774e-01	3.853212106767522904e-02
5.155141666666667177e-01	2.759856630824372714e-01	3.877143181733355703e-02
5.281130555555555439e-01	2.771804062126642654e-01	3.969992492545815210e-02
5.350472222222222296e-01	2.783751493428912593e-01	4.021056553558788327e-02
5.352188888888889107e-01	2.795698924731182533e-01	4.022320383631705631e-02
5.389874999999999527e-01	2.807646356033452473e-01	4.050061146845840288e-02
5.470724999999999616e-01	2.819593787335722412e-01	4.109547818600622904e-02
5.531755555555555315e-01	2.831541218637992907e-01	4.154427590784948165e-02
5.886333333333333417e-01	2.843488649940262847e-01	4.414756684139820031e-02
5.946375000000000410e-01	2.855436081242532786e-01	4.458768895502152052e-02
5.965941666666666476e-01	2.867383512544802726e-01	4.473107427645817147e-02
5.970869444444444341e-01	2.879330943847072666e-01	4.476718183822858688e-02
6.114247222222222167e-01	2.891278375149342605e-01	4.581716392466772536e-02
6.149963888888888563e-01	2.903225806451612545e-01	4.607854409468514767e-02
6.178138888888888847e-01	2.915173237753882485e-01	4.628468264545437805e-02
6.196080555555555369e-01	2.927120669056152980e-01	4.641592719080833707e-02
6.386830555555556010e-01	2.939068100358422919e-01	4.781016050798170269e-02
6.519163888888888092e-01	2.951015531660692859e-01	4.877621583127000893e-02
6.644302777777777447e-01	2.962962962962962798e-01	4.968884885499558202e-02
6.723750000000000560e-01	2.974910394265232738e-01	5.026779987503593450e-02
6.765808333333332980e-01	2.986857825567502678e-01	5.057414627019318765e-02
6.780888888888888522e-01	2.998805256869772617e-01	5.068396663483798470e-02
6.841602777777777700e-01	3.010752688172042557e-01	5.112597180426359245e-02
6.872916666666666341e-01	3.022700119474313052e-01	5.135386062148428188e-02
6.925522222222222357e-01	3.034647550776582992e-01	5.173657769841832899e-02
6.949244444444444557e-01	3.046594982078852931e-01	5.190911160730504736e-02
7.040091666666666859e-01	3.058542413381122871e-01	5.256956157001857477e-02
7.117058333333333708e-01	3.070489844683392811e-01	5.312874130471134659e-02
7.126677777777776779e-01	3.082437275985662750e-01	5.319860547534582818e-02
7.280613888888889385e-01	3.094384707287932690e-01	5.431591275039870936e-02
7.329030555555555715e-01	3.106332138590203185e-01	5.466706053303915791e-02
7.364977777777776957e-01	3.118279569892473124e-01	5.492768780522250260e-02
7.432347222222221994e-01	3.130227001194743064e-01	5.541594134675764671e-02
7.522561111111110144e-01	3.142174432497013004e-01	5.606936276465102065e-02
7.546680555555554948e-01	3.154121863799282943e-01	5.624398390257356883e-02
7.624849999999999683e-01	3.166069295101552883e-01	5.680969691376169806e-02
7.699427777777777537e-01	3.178016726403822823e-01	5.734910090589340204e-02
7.806797222222222610e-01	3.189964157706092762e-01	5.812513780166561617e-02
7.879502777777778189e-01	3.201911589008363257e-01	5.865027080370266432e-02
8.159827777777778346e-01	3.213859020310633197e-01	6.067224495074663437e-02
8.230052777777777662e-01	3.225806451612903136e-01	6.117809470482604706e-02
8.256205555555555797e-01	3.237753882915173076e-01	6.136641064493608688e-02
8.376352777777777980e-01	3.249701314217443016e-01	6.223105860958999536e-02
8.546488888888889024e-01	3.261648745519712955e-01	6.345409279288249937e-02
8.552508333333332935e-01	3.273596176821982895e-01	6.349733472194774020e-02
8.596036111111110545e-01	3.285543608124252835e-01	6.380996613875045131e-02
8.815361111111111869e-01	3.297491039426523329e-01	6.538364637077032082e-02
8.972736111111111468e-01	3.309438470728793269e-01	6.651119847309161504e-02
9.009174999999999267e-01	3.321385902031063209e-01	6.677207989359223994e-02
9.019288888888888911e-01	3.333333333333333148e-01	6.684447657531900067e-02
9.166002777777777499e-01	3.345280764635603088e-01	6.789404441356361453e-02
9.191424999999999734e-01	3.357228195937873028e-01	6.807579091313176178e-02
9.303686111111111323e-01	3.369175627240142967e-01	6.887793532287478371e-02
9.502019444444443907e-01	3.381123058542412907e-01	7.029340842977893633e-02
9.644838888888888073e-01	3.393070489844683402e-01	7.131135501376673069e-02
9.690138888888888413e-01	3.405017921146953341e-01	7.163399819501026222e-02
9.699066666666666947e-01	3.416965352449223281e-01	7.169757187246350583e-02
9.814933333333334398e-01	3.428912783751493221e-01	7.252225028414471808e-02
9.929133333333333145e-01	3.440860215053763160e-01	7.333434933996119121e-02
1.003219166666666551e+00	3.452807646356033100e-01	7.406660736058590100e-02
1.021501666666666752e+00	3.464755077658303040e-01	7.536420619632544504e-02
1.029948055555555575e+00	3.476702508960573534e-01	7.596307363509058330e-02
1.033484999999999987e+00	3.488649940262843474e-01	7.621373549555743310e-02
1.041424166666666595e+00	3.500597371565113414e-01	7.677613352859868900e-02
1.044755277777777769e+00	3.512544802867383353e-01	7.701200220176318556e-02
1.052280000000000104e+00	3.524492234169653293e-01	7.754458949667197842e-02
1.065393055555555524e+00	3.536439665471923233e-01	7.847197539903660868e-02
1.083529722222222214e+00	3.548387096774193172e-01	7.975310647312472412e-02
1.083725277777777718e+00	3.560334528076463112e-01	7.976691034331551133e-02
1.108118333333333316e+00	3.572281959378733607e-01	8.148714390355826787e-02
1.122384444444444407e+00	3.584229390681003546e-01	8.249172001157445422e-02
1.152913055555555566e+00	3.596176821983273486e-01	8.463776214133833520e-02
1.165607777777777798e+00	3.608124253285543426e-01	8.552867323618018602e-02
1.167367500000000113e+00	3.620071684587813365e-01	8.565210146759982823e-02
1.171948055555555479e+00	3.632019115890083305e-01	8.597330694132143680e-02
1.175630277777777843e+00	3.643966547192353245e-01	8.623143614851103145e-02
1.184833333333333183e+00	3.655913978494623184e-01	8.687626517764757139e-02
1.188655555555555576e+00	3.667861409796893679e-01	8.714394245532064431e-02
1.201149444444444381e+00	3.679808841099163619e-01	8.801836522636197202e-02
1.210001388888888973e+00	3.691756272401433558e-01	8.863738845147972611e-02
1.344794999999999963e+00	3.703703703703703498e-01	9.801186150869622971e-02
1.381400555555555743e+00	3.715651135005973438e-01	1.005409723095617158e-01
1.398626666666666463e+00	3.727598566308243377e-01	1.017286848429833634e-01
1.417713611111111272e+00	3.739545997610513317e-01	1.030428672931120726e-01
1.418058888888888758e+00	3.751493428912783257e-01	1.030666227927944378e-01
1.435089999999999977e+00	3.763440860215053752e-01	1.042376018431988571e-01
1.438191388888888866e+00	3.775388291517323691e-01	1.044506741475237366e-01
1.443251666666666599e+00	3.787335722819593631e-01	1.047982176635402496e-01
1.454343055555555653e+00	3.799283154121863570e-01	1.055595105045458171e-01
1.469874722222222152e+00	3.811230585424133510e-01	1.066244880224999081e-01
1.489383333333333281e+00	3.823178016726403450e-01	1.079603607885145644e-01
1.504305277777777672e+00	3.835125448028673389e-01	1.089808082597337746e-01
1.506065833333333437e+00	3.847072879330943884e-01	1.091011280520414184e-01
1.510195277777777845e+00	3.859020310633213824e-01	1.093832785764917714e-01
1.510874166666666740e+00	3.870967741935483764e-01	1.094296561308537585e-01
1.578191666666666659e+00	3.882915173237753703e-01	1.140164056226180556e-01
1.580300555555555597e+00	3.894862604540023643e-01	1.141597147521321576e-01
1.589833055555555541e+00	3.906810035842293582e-01	1.148072047703213583e-01
1.601669444444444590e+00	3.918757467144563522e-01	1.156105265903432100e-01
1.603718888888888916e+00	3.930704898446833462e-01	1.157495459180961639e-01
1.621105277777777909e+00	3.942652329749103957e-01	1.169280327170825196e-01
1.632510833333333355e+00	3.954599761051373896e-01	1.177002725253171178e-01
1.640866666666666696e+00	3.966547192353643836e-01	1.182655951255366933e-01
1.641809166666666542e+00	3.978494623655913776e-01	1.183293382067739374e-01
1.660889166666666750e+00	3.990442054958183715e-01	1.196187647260755771e-01
1.702736388888888897e+00	4.002389486260453655e-01	1.224402005472231547e-01
1.742403611111111195e+00	4.014336917562723595e-01	1.251063074850122803e-01
1.753788055555555392e+00	4.026284348864993534e-01	1.258699799321291168e-01
1.760650000000000048e+00	4.038231780167264029e-01	1.263299595068826386e-01
1.778243888888888957e+00	4.050179211469533969e-01	1.275082323656379080e-01
1.785006944444444299e+00	4.062126642771803908e-01	1.279607351483381672e-01
1.795910833333333567e+00	4.074074074074073848e-01	1.286897988140548454e-01
1.815776944444444263e+00	4.086021505376343788e-01	1.300165344864286920e-01
1.842997777777777957e+00	4.097968936678613727e-01	1.318311670311502759e-01
1.958209722222222338e+00	4.109916367980883667e-01	1.394697656014172171e-01
1.960328611111111119e+00	4.121863799283153607e-01	1.396096175848010601e-01
1.973730277777777875e+00	4.133811230585424101e-01	1.404936348732546136e-01
2.109960277777777726e+00	4.145758661887694041e-01	1.494284242534754670e-01
2.143041388888888843e+00	4.157706093189963981e-01	1.515840316227219375e-01
2.190738611111111123e+00	4.169653524492233920e-01	1.546824303098737197e-01
2.219391111111111314e+00	4.181600955794503860e-01	1.565382460729207725e-01
2.224598888888888570e+00	4.193548387096773800e-01	1.568751148063322054e-01
2.227233055555555286e+00	4.205495818399043739e-01	1.570454564712895351e-01
2.234025277777777596e+00	4.217443249701314234e-01	1.574845252110170790e-01
2.348428888888888455e+00	4.229390681003584174e-01	1.648456309111585583e-01
2.355573611111111187e+00	4.241338112305854113e-01	1.653032063562589471e-01
2.364473888888888986e+00	4.253285543608124053e-01	1.658728636636478404e-01
2.365075277777778151e+00	4.265232974910393993e-01	1.659113411983477171e-01
2.367709722222222091e+00	4.277180406212663932e-01	1.660798749878843461e-01
2.427621944444444679e+00	4.289127837514933872e-01	1.699034704940605156e-01
2.430782499999999846e+00	4.301075268817203812e-01	1.701046894955151600e-01
2.432985555555555290e+00	4.313022700119474306e-01	1.702449197332706055e-01
2.468270555555555301e+00	4.324970131421744246e-01	1.724876758769201546e-01
2.470841666666666825e+00	4.336917562724014186e-01	1.726508615758869380e-01
2.536341666666666494e+00	4.348864994026284125e-01	1.767972423299010165e-01
2.584725833333333611e+00	4.360812425328554065e-01	1.798467801624386020e-01
2.609483333333333377e+00	4.372759856630824005e-01	1.814028141513330805e-01
2.635677222222222227e+00	4.384707287933093944e-01	1.830459126849462992e-01
2.641268333333333551e+00	4.396654719235363884e-01	1.833962063258007813e-01
2.649954722222222170e+00	4.408602150537634379e-01	1.839401270301255220e-01
2.651339722222222139e+00	4.420549581839904318e-01	1.840268188925593407e-01
2.687321388888888940e+00	4.432497013142174258e-01	1.862758091558620599e-01
2.699910000000000032e+00	4.444444444444444198e-01	1.870611803797662676e-01
2.739896666666666647e+00	4.456391875746714137e-01	1.895508218096583208e-01
2.744834166666666686e+00	4.468339307048984077e-01	1.898577100601460677e-01
2.751508888888889004e+00	4.480286738351254017e-01	1.902723899098643923e-01
2.753775555555555865e+00	4.492234169653523956e-01	1.904131626153475754e-01
2.789631944444444400e+00	4.504181600955794451e-01	1.926367924286166433e-01
2.797000277777777377e+00	4.516129032258064391e-01	1.930929817335298448e-01
2.831627500000000186e+00	4.528076463560334330e-01	1.952333776387978892e-01
2.861539722222222082e+00	4.540023894862604270e-01	1.970777563550598632e-01
2.867723333333333180e+00	4.551971326164874210e-01	1.974585084227900023e-01
2.875617222222222047e+00	4.563918757467144149e-01	1.979443074394476865e-01
2.921714166666666834e+00	4.575866188769414089e-01	2.007752997002330009e-01
2.979945277777777957e+00	4.587813620071684584e-01	2.043372184939413749e-01
2.984963333333333413e+00	4.599761051373954523e-01	2.046434222640666212e-01
2.988395555555555472e+00	4.611708482676224463e-01	2.048527899793374241e-01
3.015693333333333115e+00	4.623655913978494403e-01	2.065160104921620610e-01
3.036401666666666888e+00	4.635603345280764342e-01	2.077754231034038002e-01
3.051936388888888629e+00	4.647550776583034282e-01	2.087188813396505527e-01
3.057860000000000245e+00	4.659498207885304222e-01	2.090783394479136525e-01
3.064202777777777609e+00	4.671445639187574161e-01	2.094630525051860426e-01
3.071559166666666396e+00	4.683393070489844656e-01	2.099090104770144904e-01
3.078121944444444313e+00	4.695340501792114596e-01	2.103066459354558937e-01
3.115491666666666770e+00	4.707287933094384536e-01	2.125670478049380696e-01
3.262149722222221992e+00	4.719235364396654475e-01	2.213756823511281446e-01
3.280636944444444314e+00	4.731182795698924415e-01	2.224790527642510618e-01
3.310624166666666479e+00	4.743130227001194354e-01	2.242654521266210788e-01
3.336575555555555628e+00	4.755077658303464294e-01	2.258081154590039219e-01
3.392464722222221951e+00	4.767025089605734234e-01	2.291200006130177380e-01
3.441215833333333585e+00	4.778972520908004729e-01	2.319973270206526772e-01
3.448638611111111363e+00	4.790919952210274668e-01	2.324344817329371260e-01
3.501595277777777682e+00	4.802867383512544608e-01	2.355460829181598159e-01
3.522305000000000241e+00	4.814814814814814548e-01	2.367595005005765918e-01
3.551094166666666663e+00	4.826762246117084487e-01	2.384431072873236523e-01
3.556251944444444479e+00	4.838709677419354427e-01	2.387443445396209007e-01
3.625130555555555301e+00	4.850657108721624367e-01	2.427557609504474856e-01
3.634924166666666956e+00	4.862604540023894306e-01	2.433244113140330400e-01
3.778121111111111485e+00	4.874551971326164801e-01	2.515903104616941111e-01
3.804773611111111009e+00	4.886499402628434741e-01	2.531188022052506259e-01
3.861030555555555299e+00	4.898446833930704680e-01	2.563348357116770337e-01
3.981980277777778188e+00	4.910394265232974620e-01	2.632023390087900871e-01
4.047607777777778360e+00	4.922341696535244560e-01	2.669020775882603447e-01
4.059638888888889241e+00	4.934289127837514499e-01	2.675783115077667862e-01
4.375784166666666586e+00	4.946236559139784439e-01	2.851260949609939477e-01
4.376401944444444858e+00	4.958183990442054379e-01	2.851599700965630202e-01
4.421409166666666835e+00	4.970131421744324873e-01	2.876235759772205469e-01
4.605000000000000426e+00	4.982078853046594813e-01	2.975853283846218167e-01
4.617990555555555154e+00	4.994026284348864753e-01	2.982849038095699568e-01
4.664487777777777566e+00	5.005973715651135247e-01	3.007831957254185618e-01
4.665206944444443948e+00	5.017921146953404632e-01	3.008217665597709978e-01
4.805988055555555860e+00	5.029868578255675127e-01	3.083314059382564754e-01
4.888755555555555965e+00	5.041816009557944511e-01	3.127087391917316994e-01
4.922063055555555344e+00	5.053763440860215006e-01	3.144624492596042042e-01
5.013968055555555914e+00	5.065710872162484391e-01	3.192782673789517078e-01
5.287422222222222246e+00	5.077658303464754885e-01	3.334080973903733591e-01
5.799809722222222241e+00	5.089605734767024270e-01	3.590991283485862606e-01
5.803852499999999637e+00	5.101553166069294765e-01	3.592978444236724078e-01
5.901548888888888733e+00	5.113500597371565259e-01	3.640812591652164976e-01
6.610309166666667124e+00	5.125448028673834644e-01	3.977307589381103847e-01
6.634814444444444348e+00	5.137395459976105139e-01	3.988617829114633473e-01
6.741966944444444110e+00	5.149342891278374523e-01	4.037824353285378587e-01
6.969716111111110557e+00	5.161290322580645018e-01	4.141077473708679735e-01
7.134334444444443868e+00	5.173237753882914403e-01	4.214594254237279403e-01
7.436001111111110617e+00	5.185185185185184897e-01	4.346929561108852091e-01
7.571264166666666462e+00	5.197132616487455392e-01	4.405279732251080604e-01
7.790651666666667197e+00	5.209080047789724777e-01	4.498641863437230493e-01
7.799578888888889061e+00	5.221027479091995271e-01	4.502407749545603854e-01
7.922010833333334112e+00	5.232974910394264656e-01	4.553795450184767724e-01
7.987561666666667115e+00	5.244922341696535151e-01	4.581111027315135642e-01
8.063095000000000567e+00	5.256869772998804535e-01	4.612416552581605211e-01
8.406832222222222484e+00	5.268817204301075030e-01	4.752613093116205834e-01
8.721973333333332690e+00	5.280764635603344415e-01	4.877938515986682821e-01
8.827116666666666944e+00	5.292712066905614909e-01	4.919082466638255990e-01
8.833543611111110749e+00	5.304659498207885404e-01	4.921586668022511768e-01
9.088001666666666978e+00	5.316606929510154789e-01	5.019748434779595092e-01
9.807664722222222409e+00	5.328554360812425283e-01	5.287220335365330204e-01
1.039518583333333446e+01	5.340501792114694668e-01	5.494893757610426199e-01
1.045595277777777810e+01	5.352449223416965163e-01	5.515844058755751123e-01
1.046238416666666637e+01	5.364396654719234547e-01	5.518055665795125186e-01
1.086788499999999935e+01	5.376344086021505042e-01	5.655317909767787476e-01
1.100479249999999887e+01	5.388291517323775537e-01	5.700705428815999731e-01
1.106793638888889042e+01	5.400238948626044921e-01	5.721478791390126606e-01
1.131447861111111131e+01	5.412186379928315416e-01	5.801630823989214480e-01
1.175567555555555543e+01	5.424133811230584801e-01	5.941336693093524080e-01
1.193428055555555645e+01	5.436081242532855295e-01	5.996561563365140346e-01
1.198939944444444450e+01	5.448028673835124680e-01	6.013452177846917435e-01
1.213408527777777834e+01	5.459976105137395175e-01	6.057451386134824478e-01
1.363514361111111128e+01	5.471923536439665670e-01	6.486238491241540505e-01
1.363978750000000062e+01	5.483870967741935054e-01	6.487489920653823905e-01
1.365144305555555526e+01	5.495818399044205549e-01	6.490628882500257824e-01
1.390651055555555615e+01	5.507765830346474933e-01	6.558623169157774546e-01
1.395703888888888855e+01	5.519713261648745428e-01	6.571935541481818133e-01
1.396572805555555519e+01	5.531660692951014813e-01	6.574219625048769444e-01
1.402051055555555692e+01	5.543608124253285308e-01	6.588585060809759586e-01
1.413671861111111028e+01	5.555555555555554692e-01	6.618858809708971780e-01
1.418118305555555558e+01	5.567502986857825187e-01	6.630371196447892856e-01
1.472361694444444424e+01	5.579450418160095682e-01	6.767697824120000316e-01
1.493330916666666752e+01	5.591397849462365066e-01	6.819272418839263938e-01
1.525172722222222177e+01	5.603345280764635561e-01	6.896019316466430737e-01
1.552327416666666515e+01	5.615292712066904945e-01	6.960004344284753675e-01
1.560153222222222347e+01	5.627240143369175440e-01	6.978198368467634083e-01
1.560237194444444420e+01	5.639187574671444825e-01	6.978393001799123585e-01
1.564709277777777707e+01	5.651135005973715320e-01	6.988740438797500509e-01
1.576303249999999956e+01	5.663082437275985814e-01	7.015401678121674367e-01
1.647108083333333539e+01	5.675029868578255199e-01	7.173176669519893967e-01
1.647140222222222405e+01	5.686977299880525694e-01	7.173246356842211124e-01
1.658827277777777809e+01	5.698924731182795078e-01	7.198474046137754989e-01
1.685199888888888964e+01	5.710872162485065573e-01	7.254577814895958321e-01
1.703484555555555602e+01	5.722819593787334957e-01	7.292814810807427550e-01
1.714073861111111086e+01	5.734767025089605452e-01	7.314715230440440585e-01
1.723063138888888801e+01	5.746714456391875947e-01	7.333167437337642092e-01
1.755660027777777898e+01	5.758661887694145332e-01	7.399021612887910493e-01
1.781714138888888854e+01	5.770609318996415826e-01	7.450486394292521464e-01
1.809844000000000008e+01	5.782556750298685211e-01	7.504908770480995805e-01
1.819492361111111123e+01	5.794504181600955706e-01	7.523306468914000567e-01
1.851337361111111335e+01	5.806451612903225090e-01	7.583071845610074302e-01
1.854814638888889178e+01	5.818399044205495585e-01	7.589509885556380286e-01
1.856993222222222073e+01	5.830346475507764969e-01	7.593534704159682347e-01
1.879954194444444227e+01	5.842293906810035464e-01	7.635547404744325029e-01
1.881576083333333216e+01	5.854241338112305959e-01	7.638487160120607244e-01
1.905916222222221990e+01	5.866188769414575344e-01	7.682168410307186335e-01
1.921463888888888860e+01	5.878136200716845838e-01	7.709646692521343603e-01
2.044742361111111251e+01	5.890083632019115223e-01	7.916302322758758114e-01
2.059839944444444271e+01	5.902031063321385718e-01	7.940293935649290757e-01
2.145175472222222268e+01	5.913978494623655102e-01	8.070799294547026381e-01
2.157897694444444170e+01	5.925925925925925597e-01	8.089534248940440930e-01
2.174423611111111043e+01	5.937873357228196092e-01	8.113599183651865054e-01
2.194122111111110840e+01	5.949820788530465476e-01	8.141888326414927768e-01
2.210784722222222243e+01	5.961768219832735971e-01	8.165486153953401827e-01
2.246379666666666708e+01	5.973715651135005356e-01	8.214897141548276327e-01
2.306087277777777800e+01	5.985663082437275850e-01	8.294809748830398455e-01
2.377938722222221912e+01	5.997610513739545235e-01	8.386247381781222199e-01
2.401731111111111261e+01	6.009557945041815730e-01	8.415431572945182293e-01
2.401814999999999856e+01	6.021505376344085114e-01	8.415533533237750108e-01
2.401855194444444308e+01	6.033452807646355609e-01	8.415582384072939348e-01
2.401885250000000127e+01	6.045400238948626104e-01	8.415618911494900933e-01
2.402201194444444354e+01	6.057347670250895488e-01	8.416002837344731535e-01
2.402295111111110870e+01	6.069295101553165983e-01	8.416116944014773171e-01
2.402439277777777704e+01	6.081242532855435368e-01	8.416292087328545168e-01
2.402479749999999825e+01	6.093189964157705862e-01	8.416341252210615131e-01
2.402544361111111115e+01	6.105137395459975247e-01	8.416419737390359312e-01
2.402634166666666715e+01	6.117084826762245742e-01	8.416528820605778671e-01
2.402730111111111100e+01	6.129032258064516236e-01	8.416645352181839623e-01
2.402822861111111408e+01	6.140979689366785621e-01	8.416757995718141538e-01
2.402983555555555384e+01	6.152927120669056116e-01	8.416953137832192677e-01
2.403012916666666499e+01	6.164874551971325500e-01	8.416988790412984756e-01
2.403042777777777772e+01	6.176821983273595995e-01	8.417025049309703189e-01
2.403058083333333173e+01	6.188769414575865380e-01	8.417043633780407763e-01
2.403065805555555556e+01	6.200716845878135874e-01	8.417053010254503809e-01
2.403110833333333574e+01	6.212664277180406369e-01	8.417107682761746368e-01
2.403129694444444198e+01	6.224611708482675754e-01	8.417130583269333277e-01
2.403223166666666799e+01	6.236559139784946248e-01	8.417244069113393179e-01
2.403231277777777919e+01	6.248506571087215633e-01	8.417253916535509806e-01
2.403232055555555746e+01	6.260454002389486128e-01	8.417254860805644112e-01
2.403342833333333317e+01	6.272401433691755512e-01	8.417389346097915448e-01
2.403402388888888908e+01	6.284348864994026007e-01	8.417461642394491461e-01
2.403414555555555410e+01	6.296296296296295392e-01	8.417476411474182907e-01
2.403423833333333448e+01	6.308243727598565886e-01	8.417487673647804369e-01
2.403431055555555318e+01	6.320191158900836381e-01	8.417496440553826620e-01
2.403537888888888929e+01	6.332138590203105766e-01	8.417626117652570183e-01
2.403573861111111043e+01	6.344086021505376261e-01	8.417669779286842680e-01
2.403672555555555590e+01	6.356033452807645645e-01	8.417789564440938399e-01
2.403768250000000251e+01	6.367980884109916140e-01	8.417905699845258383e-01
2.403810027777777591e+01	6.379928315412185524e-01	8.417956398956722985e-01
2.403832666666666640e+01	6.391875746714456019e-01	8.417983871533200046e-01
2.403995722222222398e+01	6.403823178016726514e-01	8.418181727409635995e-01
2.404012611111111042e+01	6.415770609318995898e-01	8.418202219414905318e-01
2.404085305555555507e+01	6.427718040621266393e-01	8.418290419637431965e-01
2.404088305555555749e+01	6.439665471923535778e-01	8.418294059433953924e-01
2.404171611111111062e+01	6.451612903225806273e-01	8.418395127845577086e-01
2.404343833333333080e+01	6.463560334528075657e-01	8.418604051735075755e-01
2.404378833333333532e+01	6.475507765830346152e-01	8.418646507086662290e-01
2.404510888888889042e+01	6.487455197132615536e-01	8.418806681539310333e-01
2.404532805555555441e+01	6.499402628434886031e-01	8.418833263403072698e-01
2.404559500000000227e+01	6.511350059737156526e-01	8.418865639442136839e-01
2.404623861111111083e+01	6.523297491039425910e-01	8.418943696323337722e-01
2.404662194444444623e+01	6.535244922341696405e-01	8.418990184995538417e-01
2.404797388888889031e+01	6.547192353643965790e-01	8.419154130872246178e-01
2.404839055555555660e+01	6.559139784946236285e-01	8.419204655247520819e-01
2.404877194444444299e+01	6.571087216248505669e-01	8.419250900476866750e-01
2.404878583333333353e+01	6.583034647550776164e-01	8.419252584545631191e-01
2.404959333333333049e+01	6.594982078853046659e-01	8.419350493219162068e-01
2.405199416666666679e+01	6.606929510155316043e-01	8.419641556358294920e-01
2.405310166666666660e+01	6.618876941457586538e-01	8.419775805183684625e-01
2.405511277777777934e+01	6.630824372759855923e-01	8.420019558694824546e-01
2.405612888888888889e+01	6.642771804062126417e-01	8.420142700521578982e-01
2.405776333333333383e+01	6.654719235364395802e-01	8.420340757617132965e-01
2.405782194444444499e+01	6.666666666666666297e-01	8.420347859475330043e-01
2.406077694444444504e+01	6.678614097968936791e-01	8.420705872916433021e-01
2.406300194444444429e+01	6.690561529271206176e-01	8.420975389554662405e-01
2.406476833333333332e+01	6.702508960573476671e-01	8.421189321385068594e-01
2.406478638888888710e+01	6.714456391875746055e-01	8.421191507989458369e-01
2.406531722222222314e+01	6.726403823178016550e-01	8.421255792805225626e-01
2.406569722222221941e+01	6.738351254480285935e-01	8.421301809841299502e-01
2.406664305555555217e+01	6.750298685782556429e-01	8.421416342034662161e-01
2.406680444444444333e+01	6.762246117084825814e-01	8.421435883996075678e-01
2.406685888888888769e+01	6.774193548387096309e-01	8.421442476410414546e-01
2.406703222222222394e+01	6.786140979689366803e-01	8.421463464321694570e-01
2.406830055555555603e+01	6.798088410991636188e-01	8.421617030835133466e-01
2.406885611111110990e+01	6.810035842293906683e-01	8.421684291357048879e-01
2.406994750000000138e+01	6.821983273596176067e-01	8.421816416306405761e-01
2.407089944444444285e+01	6.833930704898446562e-01	8.421931650900037480e-01
2.407263944444444093e+01	6.845878136200715947e-01	8.422142259296305777e-01
2.407295027777777818e+01	6.857825567502986441e-01	8.422179879388762558e-01
2.407469194444444582e+01	6.869772998805256936e-01	8.422390656343529125e-01
2.407614555555555569e+01	6.881720430107526321e-01	8.422566551182726347e-01
2.407724555555555668e+01	6.893667861409796815e-01	8.422699644121354190e-01
2.407917583333333056e+01	6.905615292712066200e-01	8.422933168199504550e-01
2.407942277777777917e+01	6.917562724014336695e-01	8.422963040925155465e-01
2.408067083333333258e+01	6.929510155316606079e-01	8.423114008822616405e-01
2.408116527777777804e+01	6.941457586618876574e-01	8.423173814052797859e-01
2.408173999999999992e+01	6.953405017921147069e-01	8.423243326382808815e-01
2.408182944444444473e+01	6.965352449223416453e-01	8.423254144362564144e-01
2.408595777777777869e+01	6.977299880525686948e-01	8.423753370480270286e-01
2.408771666666666533e+01	6.989247311827956333e-01	8.423966019255239024e-01
2.408834027777777465e+01	7.001194743130226827e-01	8.424041406633454576e-01
2.408876444444444331e+01	7.013142174432496212e-01	8.424092681422146178e-01
2.408931194444444301e+01	7.025089605734766707e-01	8.424158862720345642e-01
2.409072277777777771e+01	7.037037037037036091e-01	8.424329390152220931e-01
2.409078722222222169e+01	7.048984468339306586e-01	8.424337179111809348e-01
2.409105499999999722e+01	7.060931899641577081e-01	8.424369543169444308e-01
2.409125194444444418e+01	7.072879330943846465e-01	8.424393345770986308e-01
2.409236611111111159e+01	7.084826762246116960e-01	8.424527996594832757e-01
2.409354388888888820e+01	7.096774193548386345e-01	8.424670322525970034e-01
2.409575027777777834e+01	7.108721624850656839e-01	8.424936914071057270e-01
2.409620166666666563e+01	7.120669056152926224e-01	8.424991448516939707e-01
2.410034861111111226e+01	7.132616487455196719e-01	8.425492372317601175e-01
2.410197722222222438e+01	7.144563918757467214e-01	8.425689054329020822e-01
2.410361694444444325e+01	7.156511350059736598e-01	8.425887053371986513e-01
2.410445277777777662e+01	7.168458781362007093e-01	8.425987971982252800e-01
2.410459305555555787e+01	7.180406212664276477e-01	8.426004908502786606e-01
2.410609861111111130e+01	7.192353643966546972e-01	8.426186671170350362e-01
2.410950166666666661e+01	7.204301075268816357e-01	8.426597437825728010e-01
2.411043611111111318e+01	7.216248506571086851e-01	8.426710211409105256e-01
2.411100222222222200e+01	7.228195937873356236e-01	8.426778528690976877e-01
2.411101277777777696e+01	7.240143369175626731e-01	8.426779802488471027e-01
2.411479805555555700e+01	7.252090800477897226e-01	8.427236526480488266e-01
2.411574083333333363e+01	7.264038231780166610e-01	8.427350259522075060e-01
2.411611027777777849e+01	7.275985663082437105e-01	8.427394825618910179e-01
2.411913388888888932e+01	7.287933094384706489e-01	8.427759516476802659e-01
2.411922750000000093e+01	7.299880525686976984e-01	8.427770805969345691e-01
2.411990416666666803e+01	7.311827956989246369e-01	8.427852409504636988e-01
2.412037277777777788e+01	7.323775388291516864e-01	8.427908919815489952e-01
2.412046944444444563e+01	7.335722819593787358e-01	8.427920576698612054e-01
2.412129305555555447e+01	7.347670250896056743e-01	8.428019891177296330e-01
2.412185361111110993e+01	7.359617682198327238e-01	8.428087481726618257e-01
2.412201611111111177e+01	7.371565113500596622e-01	8.428107075073919541e-01
2.412238444444444596e+01	7.383512544802867117e-01	8.428151485756968375e-01
2.412444499999999792e+01	7.395459976105136501e-01	8.428399907898521670e-01
2.412472916666666478e+01	7.407407407407406996e-01	8.428434164166769271e-01
2.412609166666666383e+01	7.419354838709677491e-01	8.428598403056771771e-01
2.412700666666666649e+01	7.431302270011946876e-01	8.428708689631599915e-01
2.412808444444444689e+01	7.443249701314217370e-01	8.428838586172801017e-01
2.412810277777777657e+01	7.455197132616486755e-01	8.428840795660252905e-01
2.413004972222222477e+01	7.467144563918757250e-01	8.429075418847262746e-01
2.413038555555555575e+01	7.479091995221026634e-01	8.429115886046455453e-01
2.413118611111111278e+01	7.491039426523297129e-01	8.429212347076360246e-01
2.413314305555555705e+01	7.502986857825566513e-01	8.429448119487863433e-01
2.413471694444444537e+01	7.514934289127837008e-01	8.429637715739406456e-01
2.414051027777777847e+01	7.526881720430107503e-01	8.430335404112985209e-01
2.414630388888889101e+01	7.538829151732376888e-01	8.431032815944453640e-01
2.414668972222222010e+01	7.550776583034647382e-01	8.431079250017892157e-01
2.414860694444444533e+01	7.562724014336916767e-01	8.431309962521834622e-01
2.416547416666666592e+01	7.574671445639187262e-01	8.433338249450499369e-01
2.416804527777777878e+01	7.586618876941456646e-01	8.433647195656320816e-01
2.416863305555555641e+01	7.598566308243727141e-01	8.433717814819455816e-01
2.417356305555555807e+01	7.610513739545997636e-01	8.434310009386898344e-01
2.417620805555555563e+01	7.622461170848267020e-01	8.434627636085982871e-01
2.417848916666666881e+01	7.634408602150537515e-01	8.434901513181062294e-01
2.417982722222222236e+01	7.646356033452806900e-01	8.435062141877676112e-01
2.418051166666666774e+01	7.658303464755077394e-01	8.435144300567432030e-01
2.418199000000000254e+01	7.670250896057346779e-01	8.435321740615815411e-01
2.418224027777777962e+01	7.682198327359617274e-01	8.435351778737696371e-01
2.418264916666666409e+01	7.694145758661887768e-01	8.435400851986969428e-01
2.418504361111111223e+01	7.706093189964157153e-01	8.435688192972797816e-01
2.418591611111110851e+01	7.718040621266427648e-01	8.435792882642980661e-01
2.418637611111110886e+01	7.729988052568697032e-01	8.435848074376213201e-01
2.418699333333333357e+01	7.741935483870967527e-01	8.435922126891114425e-01
2.418768888888888569e+01	7.753882915173236912e-01	8.436005573408424940e-01
2.418796222222222170e+01	7.765830346475507406e-01	8.436038364271780665e-01
2.419009972222222160e+01	7.777777777777776791e-01	8.436294769113384939e-01
2.419169249999999849e+01	7.789725209080047286e-01	8.436485804205615668e-01
2.419214222222222332e+01	7.801672640382317780e-01	8.436539738908591657e-01
2.419245333333333292e+01	7.813620071684587165e-01	8.436577049041185106e-01
2.419321000000000055e+01	7.825567502986857660e-01	8.436667788897581621e-01
2.419357083333333236e+01	7.837514934289127044e-01	8.436711058362214022e-01
2.419395138888889107e+01	7.849462365591397539e-01	8.436756691526954288e-01
2.419502333333333510e+01	7.861409796893666924e-01	8.436885223332062367e-01
2.419526583333333036e+01	7.873357228195937418e-01	8.436914298898070541e-01
2.419600611111111022e+01	7.885304659498207913e-01	8.437003054296491333e-01
2.419609444444444435e+01	7.897252090800477298e-01	8.437013644660376066e-01
2.419681500000000085e+01	7.909199522102747792e-01	8.437100030043005461e-01
2.419776444444444508e+01	7.921146953405017177e-01	8.437213848981655051e-01
2.419852638888889018e+01	7.933094384707287672e-01	8.437305184516226131e-01
2.419904138888889022e+01	7.945041816009557056e-01	8.437366915390487332e-01
2.419921027777778022e+01	7.956989247311827551e-01	8.437387158857110325e-01
2.419997888888888937e+01	7.968936678614096936e-01	8.437479283294878618e-01
2.420006999999999664e+01	7.980884109916367430e-01	8.437490203359664376e-01
2.420131111111111011e+01	7.992831541218637925e-01	8.437638948349265311e-01
2.420350000000000179e+01	8.004778972520907310e-01	8.437901248335158977e-01
2.420581111111111028e+01	8.016726403823177804e-01	8.438178146719564898e-01
2.420727055555555651e+01	8.028673835125447189e-01	8.438352980101826439e-01
2.420954638888888866e+01	8.040621266427717684e-01	8.438625573309046501e-01
2.420999972222222141e+01	8.052568697729987068e-01	8.438679866675398156e-01
2.421130916666666621e+01	8.064516129032257563e-01	8.438836681397320350e-01
2.421157249999999905e+01	8.076463560334528058e-01	8.438868215421351238e-01
2.421271972222222146e+01	8.088410991636797442e-01	8.439005587229219119e-01
2.421273277777777722e+01	8.100358422939067937e-01	8.439007150470783092e-01
2.421552416666666829e+01	8.112305854241337322e-01	8.439341348874067616e-01
2.421618555555555474e+01	8.124253285543607817e-01	8.439420523023745124e-01
2.421916638888888684e+01	8.136200716845877201e-01	8.439777305521407591e-01
2.421982750000000095e+01	8.148148148148147696e-01	8.439856424312117689e-01
2.421985916666666583e+01	8.160095579450418191e-01	8.439860213935013178e-01
2.422253916666666740e+01	8.172043010752687575e-01	8.440180902351368530e-01
2.422333166666666671e+01	8.183990442054958070e-01	8.440275720159008399e-01
2.422393277777777598e+01	8.195937873357227454e-01	8.440347635605556231e-01
2.422480611111111060e+01	8.207885304659497949e-01	8.440452113137157930e-01
2.422539027777777676e+01	8.219832735961767334e-01	8.440521993533864897e-01
2.422579305555555607e+01	8.231780167264037829e-01	8.440570173628894057e-01
2.422677972222222564e+01	8.243727598566307213e-01	8.440688191958622966e-01
2.422893833333333191e+01	8.255675029868577708e-01	8.440946359136195509e-01
2.422954222222222143e+01	8.267622461170848203e-01	8.441018575836937154e-01
2.423057944444444445e+01	8.279569892473117587e-01	8.441142605362468299e-01
2.423206444444444330e+01	8.291517323775388082e-01	8.441320162327005105e-01
2.423216749999999919e+01	8.303464755077657466e-01	8.441332483618023685e-01
2.423223277777777795e+01	8.315412186379927961e-01	8.441340288158982741e-01
2.423548999999999864e+01	8.327359617682197346e-01	8.441729668527333530e-01
2.423599000000000103e+01	8.339307048984467841e-01	8.441789431760359230e-01
2.423609361111111227e+01	8.351254480286738335e-01	8.441801815743616988e-01
2.423674055555555640e+01	8.363201911589007720e-01	8.441879138710817188e-01
2.423784694444444199e+01	8.375149342891278215e-01	8.442011365704796821e-01
2.423824749999999995e+01	8.387096774193547599e-01	8.442059234222389907e-01
2.423881944444444514e+01	8.399044205495818094e-01	8.442127582073726266e-01
2.424004194444444238e+01	8.410991636798087479e-01	8.442273661817696340e-01
2.424089000000000027e+01	8.422939068100357973e-01	8.442374990162017090e-01
2.424155805555555432e+01	8.434886499402628468e-01	8.442454806899083453e-01
2.424171999999999727e+01	8.446833930704897853e-01	8.442474154789494367e-01
2.424331888888888997e+01	8.458781362007168347e-01	8.442665164972316116e-01
2.424391194444444508e+01	8.470728793309437732e-01	8.442736007998405956e-01
2.424519833333333452e+01	8.482676224611708227e-01	8.442889661584551675e-01
2.424824833333333274e+01	8.494623655913977611e-01	8.443253910302308540e-01
2.424876555555555413e+01	8.506571087216248106e-01	8.443315671534180611e-01
2.425115638888888725e+01	8.518518518518517491e-01	8.443601127838314957e-01
2.425564444444444590e+01	8.530465949820787985e-01	8.444136843056778696e-01
2.425790916666666774e+01	8.542413381123058480e-01	8.444407100847327596e-01
2.426230138888888987e+01	8.554360812425327865e-01	8.444931107384925362e-01
2.426323361111111154e+01	8.566308243727598359e-01	8.445042301848288968e-01
2.426829277777778060e+01	8.578255675029867744e-01	8.445645615157011399e-01
2.427007111111111115e+01	8.590203106332138239e-01	8.445857628501312053e-01
2.427180749999999776e+01	8.602150537634407623e-01	8.446064613314979708e-01
2.427350111111111275e+01	8.614097968936678118e-01	8.446266472282248916e-01
2.428264361111111214e+01	8.626045400238948613e-01	8.447355700386866006e-01
2.428600555555555474e+01	8.637992831541217997e-01	8.447756046958769804e-01
2.429629611111111132e+01	8.649940262843488492e-01	8.448980823925236194e-01
2.429934861111111033e+01	8.661887694145757877e-01	8.449343945123034549e-01
2.430388611111111175e+01	8.673835125448028371e-01	8.449883562772743106e-01
2.430577861111111204e+01	8.685782556750297756e-01	8.450108570945586983e-01
2.431206472222222459e+01	8.697729988052568251e-01	8.450855721692220879e-01
2.431226472222222412e+01	8.709677419354837635e-01	8.450879487256864886e-01
2.431230833333333408e+01	8.721624850657108130e-01	8.450884669421847573e-01
2.431254611111111075e+01	8.733572281959378625e-01	8.450912923468679727e-01
2.431561694444444655e+01	8.745519713261648009e-01	8.451277770262399791e-01
2.431679111111111169e+01	8.757467144563918504e-01	8.451417250708337381e-01
2.431756111111111096e+01	8.769414575866187889e-01	8.451508712967024106e-01
2.432101972222222130e+01	8.781362007168458383e-01	8.451919467624675608e-01
2.432302138888888621e+01	8.793309438470727768e-01	8.452157141567790966e-01
2.432479166666666615e+01	8.805256869772998263e-01	8.452367310445225712e-01
2.432866999999999891e+01	8.817204301075268758e-01	8.452827649726044612e-01
2.433290722222222158e+01	8.829151732377538142e-01	8.453330430852649124e-01
2.435480888888888984e+01	8.841099163679808637e-01	8.455926639290012314e-01
2.435797138888888824e+01	8.853046594982078021e-01	8.456301159617781726e-01
2.435806722222222120e+01	8.864994026284348516e-01	8.456312507300421943e-01
2.436156055555555611e+01	8.876941457586617901e-01	8.456726098065840969e-01
2.439203000000000188e+01	8.888888888888888395e-01	8.460328811653130554e-01
2.439709361111111008e+01	8.900836320191158890e-01	8.460926718591528228e-01
2.439808055555555555e+01	8.912783751493428275e-01	8.461043229119966647e-01
2.440035583333333236e+01	8.924731182795698770e-01	8.461311796061670165e-01
2.440241444444444241e+01	8.936678614097968154e-01	8.461554747935750020e-01
2.440455611111111267e+01	8.948626045400238649e-01	8.461807461094590366e-01
2.440457083333333443e+01	8.960573476702508033e-01	8.461809198149030653e-01
2.440664611111111171e+01	8.972520908004778528e-01	8.462054037649440197e-01
2.440674277777777945e+01	8.984468339307047913e-01	8.462065441350256068e-01
2.441062083333333277e+01	8.996415770609318407e-01	8.462522863188108868e-01
2.441103277777777691e+01	9.008363201911588902e-01	8.462571444591961978e-01
2.441399888888888725e+01	9.020310633213858287e-01	8.462921198487420860e-01
2.441457805555555538e+01	9.032258064516128782e-01	8.462989482596934288e-01
2.441508083333333090e+01	9.044205495818398166e-01	8.463048757949295231e-01
2.441555555555555657e+01	9.056152927120668661e-01	8.463104723573302568e-01
2.441564500000000137e+01	9.068100358422938045e-01	8.463115268067747943e-01
2.441983916666666588e+01	9.080047789725208540e-01	8.463609631942634604e-01
2.443183388888888885e+01	9.091995221027479035e-01	8.465022565049323822e-01
2.443457388888888815e+01	9.103942652329748420e-01	8.465345144372011799e-01
2.443625444444444383e+01	9.115890083632018914e-01	8.465542962098057123e-01
2.445688249999999897e+01	9.127837514934288299e-01	8.467969008399732767e-01
2.446876722222222256e+01	9.139784946236558794e-01	8.469365017498310388e-01
2.447049805555555579e+01	9.151732377538828178e-01	8.469568219350136484e-01
2.447370527777777838e+01	9.163679808841098673e-01	8.469944679675618371e-01
2.447898666666666756e+01	9.175627240143369168e-01	8.470564401684044231e-01
2.451174777777777791e+01	9.187574671445638552e-01	8.474403010453095408e-01
2.451844083333333302e+01	9.199522102747909047e-01	8.475186047626903640e-01
2.451896194444444532e+01	9.211469534050178432e-01	8.475246996841843128e-01
2.451959611111111315e+01	9.223416965352448926e-01	8.475321165761069420e-01
2.452060638888888988e+01	9.235364396654718311e-01	8.475439315277792929e-01
2.452172361111110988e+01	9.247311827956988806e-01	8.475569961025286592e-01
2.452358000000000260e+01	9.259259259259258190e-01	8.475787018698485165e-01
2.452930694444444626e+01	9.271206690561528685e-01	8.476456445111957283e-01
2.453258916666666423e+01	9.283154121863799180e-01	8.476839973744552115e-01
2.453300277777777794e+01	9.295101553166068564e-01	8.476888297474283185e-01
2.456228944444444551e+01	9.307048984468339059e-01	8.480306073368542030e-01
2.456340333333332993e+01	9.318996415770608444e-01	8.480435913531459979e-01
2.456616416666666680e+01	9.330943847072878938e-01	8.480757681516630786e-01
2.456820166666666694e+01	9.342891278375148323e-01	8.480995103175353877e-01
2.456917111111111041e+01	9.354838709677418818e-01	8.481108055600027340e-01
2.457415388888888685e+01	9.366786140979689312e-01	8.481688479129964042e-01
2.458037861111111155e+01	9.378733572281958697e-01	8.482413260114680664e-01
2.458603166666666695e+01	9.390681003584229192e-01	8.483071178806916857e-01
2.458885388888888812e+01	9.402628434886498576e-01	8.483399530309460035e-01
2.458895333333333610e+01	9.414575866188769071e-01	8.483411098878987922e-01
2.459012055555555420e+01	9.426523297491038456e-01	8.483546877559646759e-01
2.459217333333333144e+01	9.438470728793308950e-01	8.483785640182506249e-01
2.459220333333333386e+01	9.450418160095578335e-01	8.483789129262815365e-01
2.459261500000000211e+01	9.462365591397848830e-01	8.483837006387169311e-01
2.459420277777777741e+01	9.474313022700119324e-01	8.484021651905241379e-01
2.459546027777777866e+01	9.486260454002388709e-01	8.484167872872450111e-01
2.459927111111111131e+01	9.498207885304659204e-01	8.484610907012988257e-01
2.461577388888888862e+01	9.510155316606928588e-01	8.486527968155770374e-01
2.461711277777777696e+01	9.522102747909199083e-01	8.486683395076045633e-01
2.461734638888889037e+01	9.534050179211468468e-01	8.486710512535953210e-01
2.462413666666666856e+01	9.545997610513738962e-01	8.487498512257427574e-01
2.462556888888888906e+01	9.557945041816009457e-01	8.487664666704011207e-01
2.462628861111111078e+01	9.569892473118278842e-01	8.487748155967235197e-01
2.462809250000000105e+01	9.581839904420549336e-01	8.487957390549163428e-01
2.464309222222222218e+01	9.593787335722818721e-01	8.489696100071763007e-01
2.466971444444444117e+01	9.605734767025089216e-01	8.492777122755512664e-01
2.467137777777777785e+01	9.617682198327358600e-01	8.492969413627433628e-01
2.468866749999999755e+01	9.629629629629629095e-01	8.494966752404138344e-01
2.468918999999999997e+01	9.641577060931899590e-01	8.495027071287230003e-01
2.469207222222222242e+01	9.653524492234168974e-01	8.495359759756508922e-01
2.469390833333333646e+01	9.665471923536439469e-01	8.495571659608693871e-01
2.470210277777777819e+01	9.677419354838708854e-01	8.496516991138047814e-01
2.472419805555555428e+01	9.689366786140979348e-01	8.499062998279452996e-01
2.472651305555555723e+01	9.701314217443248733e-01	8.499329502754340293e-01
2.472777777777777786e+01	9.713261648745519228e-01	8.499475078503518910e-01
2.472899750000000196e+01	9.725209080047788612e-01	8.499615461154197416e-01
2.472996805555555255e+01	9.737156511350059107e-01	8.499727156845278131e-01
2.473167805555555532e+01	9.749103942652329602e-01	8.499923930739960998e-01
2.473294222222222416e+01	9.761051373954598986e-01	8.500069384906634440e-01
2.473642472222222111e+01	9.772998805256869481e-01	8.500470006076791263e-01
2.474181749999999980e+01	9.784946236559138866e-01	8.501090171380591975e-01
2.476657888888888692e+01	9.796893667861409360e-01	8.503934421210790351e-01
2.476888833333333650e+01	9.808841099163678745e-01	8.504199423294620530e-01
2.476935833333333292e+01	9.820788530465949240e-01	8.504253348689148062e-01
2.477711222222222531e+01	9.832735961768219735e-01	8.505142709670222567e-01
2.479206138888888944e+01	9.844683393070489119e-01	8.506855867383529279e-01
2.479304944444444558e+01	9.856630824372759614e-01	8.506969028244849573e-01
2.479949138888888882e+01	9.868578255675028998e-01	8.507706606494871426e-01
2.480127861111111187e+01	9.880525686977299493e-01	8.507911172097224473e-01
2.480243722222222402e+01	9.892473118279568878e-01	8.508043771837927594e-01
2.480430916666666974e+01	9.904420549581839373e-01	8.508257985646682231e-01
2.480448138888888820e+01	9.916367980884108757e-01	8.508277692153465299e-01
2.480677444444444646e+01	9.928315412186379252e-01	8.508540049948906114e-01
2.481145194444444257e+01	9.940262843488649747e-01	8.509075078661059166e-01
2.481361000000000061e+01	9.952210274790919131e-01	8.509321859851641801e-01
2.481392805555555725e+01	9.964157706093189626e-01	8.509358227161470944e-01
2.482535500000000184e+01	9.976105137395459010e-01	8.510664225696418228e-01
2.483083111111110952e+01	9.988052568697729505e-01	8.511289691065693219e-01
2.483284305555555704e+01	1.000000000000000000e+00	8.511519423478616231e-01
