7.766666666666666077e-04	0.000000000000000000e+00	4.965872360458423174e-04
8.344444444444444045e-04	8.130081300813008990e-03	5.335194916656904596e-04
8.733333333333333833e-04	1.626016260162601798e-02	5.583769722540266045e-04
9.319444444444444434e-04	2.439024390243902524e-02	5.958395785562453639e-04
9.749999999999999552e-04	3.252032520325203596e-02	6.233586079575914596e-04
1.266111111111111083e-03	4.065040650406504669e-02	8.094028742541281574e-04
2.265555555555555812e-03	4.878048780487805047e-02	1.447867658150192582e-03
3.301388888888888862e-03	5.691056910569106120e-02	2.109147865376637121e-03
5.467777777777778001e-03	6.504065040650407192e-02	3.490763948851505205e-03
6.144722222222221558e-03	7.317073170731708265e-02	3.922093378133317820e-03
7.197777777777777768e-03	8.130081300813009337e-02	4.592698857470822738e-03
8.059166666666667603e-03	8.943089430894310410e-02	5.140911704638817525e-03
8.173333333333332798e-03	9.756097560975610095e-02	5.213548015588043150e-03
8.267777777777778406e-03	1.056910569105691117e-01	5.273632439769859737e-03
8.340277777777778054e-03	1.138211382113821224e-01	5.319753609075217327e-03
8.678888888888888764e-03	1.219512195121951331e-01	5.535134126296359369e-03
8.978888888888888684e-03	1.300813008130081438e-01	5.725916293698229964e-03
9.074166666666667880e-03	1.382113821138211407e-01	5.786499638665953960e-03
9.374166666666666065e-03	1.463414634146341653e-01	5.977233583089880398e-03
9.418333333333332377e-03	1.544715447154471621e-01	6.005310768010252431e-03
9.589166666666667713e-03	1.626016260162601867e-01	6.113903734199399587e-03
9.889166666666665897e-03	1.707317073170731836e-01	6.304574868095658147e-03
1.008583333333333207e-02	1.788617886178862082e-01	6.429550538949224681e-03
1.011388888888888754e-02	1.869918699186992050e-01	6.447377708059254253e-03
1.027222222222222078e-02	1.951219512195122019e-01	6.547980487988880327e-03
1.038583333333333372e-02	2.032520325203252265e-01	6.620161117884104662e-03
1.042249999999999947e-02	2.113821138211382233e-01	6.643455458471336783e-03
1.059805555555555501e-02	2.195121951219512479e-01	6.754978369226227741e-03
1.066055555555555506e-02	2.276422764227642448e-01	6.794678914871288278e-03
1.067527777777777659e-02	2.357723577235772694e-01	6.804030368033897602e-03
1.075722222222222184e-02	2.439024390243902662e-01	6.856079300309403379e-03
1.078499999999999945e-02	2.520325203252032908e-01	6.873722387128244904e-03
1.090888888888888811e-02	2.601626016260162877e-01	6.952406738189087498e-03
1.105638888888888817e-02	2.682926829268292845e-01	7.046078856334792029e-03
1.122583333333333246e-02	2.764227642276422814e-01	7.153676222164784271e-03
1.124472222222222192e-02	2.845528455284553337e-01	7.165669960285558915e-03
1.127611111111111175e-02	2.926829268292683306e-01	7.185600410554937589e-03
1.146166666666666688e-02	3.008130081300813274e-01	7.303411182467245411e-03
1.155166666666666668e-02	3.089430894308943243e-01	7.360547899286307150e-03
1.158000000000000002e-02	3.170731707317073766e-01	7.378534703583405907e-03
1.177361111111110969e-02	3.252032520325203735e-01	7.501435810257195413e-03
1.194111111111111068e-02	3.333333333333333703e-01	7.607749741666558485e-03
1.201444444444444565e-02	3.414634146341463672e-01	7.654291560063364308e-03
1.213527777777777782e-02	3.495934959349593640e-01	7.730975022236519223e-03
1.280638888888888972e-02	3.577235772357724164e-01	8.156768895165256161e-03
1.317888888888888929e-02	3.658536585365854132e-01	8.393026785818102908e-03
1.357388888888888881e-02	3.739837398373984101e-01	8.643493809212809964e-03
1.368638888888888856e-02	3.821138211382114069e-01	8.714817778022299066e-03
1.368861111111111147e-02	3.902439024390244038e-01	8.716226594858600407e-03
1.391583333333333387e-02	3.983739837398374561e-01	8.860267547874944860e-03
1.394388888888888935e-02	4.065040650406504530e-01	8.878051103768269670e-03
1.409249999999999912e-02	4.146341463414634498e-01	8.972245806118217537e-03
1.451694444444444516e-02	4.227642276422764467e-01	9.241223625613081971e-03
1.564916666666666886e-02	4.308943089430894990e-01	9.958375464363955487e-03
1.586222222222222200e-02	4.390243902439024959e-01	1.009326723975501050e-02
2.518777777777777768e-02	4.471544715447154927e-01	1.597957944516836815e-02
2.986833333333333354e-02	4.552845528455284896e-01	1.892075134560977645e-02
3.041416666666666574e-02	4.634146341463414864e-01	1.926316973851305292e-02
4.619055555555555415e-02	4.715447154471545388e-01	2.910871403416781522e-02
8.899361111111112055e-02	4.796747967479675356e-01	5.532573954133912508e-02
1.467241666666666555e-01	4.878048780487805325e-01	8.956811738400716205e-02
1.473527777777777770e-01	4.959349593495935293e-01	8.993405828836198435e-02
2.768186111111111125e-01	5.040650406504065817e-01	1.622512075726356695e-01
3.301502777777777786e-01	5.121951219512195230e-01	1.903431869491882811e-01
5.155141666666667177e-01	5.203252032520325754e-01	2.808553152208356218e-01
6.780888888888888522e-01	5.284552845528456277e-01	3.518713024491908481e-01
9.699066666666666947e-01	5.365853658536585691e-01	4.622145437715412530e-01
1.003219166666666551e+00	5.447154471544716214e-01	4.735507299876118292e-01
1.344794999999999963e+00	5.528455284552845628e-01	5.768600193245151386e-01
1.601669444444444590e+00	5.609756097560976151e-01	6.409645333054529992e-01
1.621105277777777909e+00	5.691056910569106675e-01	6.453997302548235560e-01
2.364473888888888986e+00	5.772357723577236088e-01	7.795709075668827426e-01
2.468270555555555301e+00	5.853658536585366612e-01	7.937283912353080284e-01
2.649954722222222170e+00	5.934959349593496025e-01	8.163559776910044308e-01
2.744834166666666686e+00	6.016260162601626549e-01	8.271680251716801990e-01
3.262149722222221992e+00	6.097560975609757072e-01	8.758519127768160661e-01
3.501595277777777682e+00	6.178861788617886486e-01	8.934792574838921198e-01
1.100479249999999887e+01	6.260162601626017009e-01	9.991221384485700074e-01
1.685199888888888964e+01	6.341463414634147533e-01	9.999791374087072526e-01
2.402201194444444354e+01	6.422764227642276946e-01	9.999997872342203387e-01
2.402479749999999825e+01	6.504065040650407470e-01	9.999997876129205210e-01
2.402544361111111115e+01	6.585365853658536883e-01	9.999997877006638891e-01
2.402730111111111100e+01	6.666666666666667407e-01	9.999997879527148248e-01
2.403012916666666499e+01	6.747967479674797930e-01	9.999997883358894279e-01
2.403065805555555556e+01	6.829268292682927344e-01	9.999997884074719456e-01
2.403232055555555746e+01	6.910569105691057867e-01	9.999997886323255258e-01
2.403537888888888929e+01	6.991869918699187281e-01	9.999997890453421467e-01
2.407089944444444285e+01	7.073170731707317804e-01	9.999997937835491957e-01
2.407263944444444093e+01	7.154471544715448328e-01	9.999997940128997342e-01
2.407614555555555569e+01	7.235772357723577741e-01	9.999997944742679001e-01
2.407724555555555668e+01	7.317073170731708265e-01	9.999997946188035058e-01
2.409105499999999722e+01	7.398373983739837678e-01	9.999997964246850612e-01
2.409236611111111159e+01	7.479674796747968202e-01	9.999997965953134615e-01
2.409354388888888820e+01	7.560975609756098725e-01	9.999997967484678396e-01
2.409575027777777834e+01	7.642276422764228139e-01	9.999997970350692489e-01
2.411043611111111318e+01	7.723577235772358662e-01	9.999997989324322933e-01
2.413038555555555575e+01	7.804878048780488076e-01	9.999998014814569514e-01
2.413118611111111278e+01	7.886178861788618599e-01	9.999998015830702247e-01
2.414860694444444533e+01	7.967479674796749123e-01	9.999998037814328278e-01
2.416547416666666592e+01	8.048780487804878536e-01	9.999998058867235473e-01
2.420954638888888866e+01	8.130081300813009060e-01	9.999998112816159690e-01
2.421552416666666829e+01	8.211382113821139583e-01	9.999998120017159486e-01
2.421618555555555474e+01	8.292682926829268997e-01	9.999998120812197966e-01
2.421916638888888684e+01	8.373983739837399520e-01	9.999998124391206167e-01
2.422253916666666740e+01	8.455284552845528934e-01	9.999998128432593392e-01
2.422393277777777598e+01	8.536585365853659457e-01	9.999998130099925220e-01
2.422579305555555607e+01	8.617886178861789981e-01	9.999998132323268951e-01
2.422677972222222564e+01	8.699186991869919394e-01	9.999998133501428743e-01
2.422954222222222143e+01	8.780487804878049918e-01	9.999998136796122150e-01
2.423216749999999919e+01	8.861788617886179331e-01	9.999998139921768558e-01
2.423223277777777795e+01	8.943089430894309855e-01	9.999998139999421998e-01
2.423548999999999864e+01	9.024390243902440378e-01	9.999998143870009182e-01
2.424004194444444238e+01	9.105691056910569792e-01	9.999998149265638681e-01
2.424171999999999727e+01	9.186991869918700315e-01	9.999998151250756306e-01
2.424876555555555413e+01	9.268292682926829729e-01	9.999998159562342170e-01
2.430577861111111204e+01	9.349593495934960252e-01	9.999998225460087209e-01
2.431230833333333408e+01	9.430894308943090776e-01	9.999998232855165092e-01
2.431254611111111075e+01	9.512195121951220189e-01	9.999998233123872371e-01
2.431679111111111169e+01	9.593495934959350713e-01	9.999998237914177190e-01
2.456917111111111041e+01	9.674796747967481236e-01	9.999998500561436687e-01
2.457415388888888685e+01	9.756097560975610650e-01	9.999998505332082788e-01
2.476888833333333650e+01	9.837398373983741173e-01	9.999998680354299507e-01
2.476935833333333292e+01	9.918699186991870587e-01	9.999998680750904478e-01
2.477711222222222531e+01	1.000000000000000000e+00	9.999998687276779874e-01
