1.565499999999999878e-02	0.000000000000000000e+00	6.195114822738226334e-03
2.065222222222222112e-02	7.633587786259541687e-03	8.153471818181670661e-03
2.606250000000000233e-02	1.526717557251908337e-02	1.026332091035413174e-02
4.223472222222222211e-02	2.290076335877862593e-02	1.650620404302079181e-02
4.232999999999999957e-02	3.053435114503816675e-02	1.654270223528243183e-02
4.601805555555555510e-02	3.816793893129771104e-02	1.795297327473206056e-02
4.952916666666666579e-02	4.580152671755725186e-02	1.929103240921996310e-02
5.877083333333332771e-02	5.343511450381679267e-02	2.279185788346579575e-02
6.134027777777777135e-02	6.106870229007633349e-02	2.375977735367560545e-02
7.558277777777777651e-02	6.870229007633588125e-02	2.908265299468706239e-02
9.666833333333332834e-02	7.633587786259542207e-02	3.683287062690322744e-02
1.014224999999999988e-01	8.396946564885496289e-02	3.855912393380955816e-02
1.134300000000000030e-01	9.160305343511450371e-02	4.288477923423259647e-02
1.212163888888888874e-01	9.923664122137404453e-02	4.566372646656204071e-02
1.399533333333333185e-01	1.068702290076335853e-01	5.226785800356196360e-02
1.623391666666666733e-01	1.145038167938931262e-01	6.000660669053643065e-02
1.816016666666666612e-01	1.221374045801526670e-01	6.653608552953450828e-02
2.182061111111111285e-01	1.297709923664122078e-01	7.862184131437256751e-02
2.284822222222221977e-01	1.374045801526717625e-01	8.194038738483926110e-02
2.509388888888888780e-01	1.450381679389312894e-01	8.908152078252129513e-02
2.787161111111111089e-01	1.526717557251908441e-01	9.770787213356603440e-02
2.854866666666666664e-01	1.603053435114503711e-01	9.977646785021800080e-02
3.488972222222221919e-01	1.679389312977099258e-01	1.185222630075090655e-01
4.115588888888889185e-01	1.755725190839694527e-01	1.359774026795466106e-01
4.298988888888888860e-01	1.832061068702290074e-01	1.408941049700558612e-01
4.404000000000000137e-01	1.908396946564885344e-01	1.436712565147384435e-01
5.003177777777777502e-01	1.984732824427480891e-01	1.590016870072157307e-01
6.178138888888888847e-01	2.061068702290076160e-01	1.866617043437311940e-01
6.644302777777777447e-01	2.137404580152671707e-01	1.968141430910388678e-01
7.117058333333333708e-01	2.213740458015266976e-01	2.066642389507323541e-01
7.699427777777777537e-01	2.290076335877862523e-01	2.182097246880367880e-01
7.879502777777778189e-01	2.366412213740457793e-01	2.216532472607293802e-01
8.596036111111110545e-01	2.442748091603053340e-01	2.347903901030657381e-01
9.502019444444443907e-01	2.519083969465648609e-01	2.501792095602050070e-01
9.690138888888888413e-01	2.595419847328244156e-01	2.532129981202677071e-01
1.210001388888888973e+00	2.671755725190839703e-01	2.876692692641049098e-01
1.489383333333333281e+00	2.748091603053435250e-01	3.189460807675003617e-01
1.958209722222222338e+00	2.824427480916030242e-01	3.560210437493951385e-01
2.190738611111111123e+00	2.900763358778625789e-01	3.691505051542584015e-01
2.234025277777777596e+00	2.977099236641221336e-01	3.712923979308025424e-01
2.432985555555555290e+00	3.053435114503816883e-01	3.800867726300009020e-01
2.536341666666666494e+00	3.129770992366411875e-01	3.840440433073720738e-01
2.687321388888888940e+00	3.206106870229007422e-01	3.891736673060306462e-01
2.739896666666666647e+00	3.282442748091602969e-01	3.907952472819080092e-01
2.831627500000000186e+00	3.358778625954198516e-01	3.934389304178840807e-01
2.979945277777777957e+00	3.435114503816793508e-01	3.972578830089663615e-01
3.071559166666666396e+00	3.511450381679389054e-01	3.993633856519492320e-01
3.336575555555555628e+00	3.587786259541984601e-01	4.045230881570068271e-01
3.501595277777777682e+00	3.664122137404580148e-01	4.071420270449645495e-01
3.625130555555555301e+00	3.740458015267175695e-01	4.088524056613202506e-01
3.804773611111111009e+00	3.816793893129770687e-01	4.110096281175384947e-01
4.104794166666666300e+00	3.893129770992366234e-01	4.138892115862706222e-01
4.376401944444444858e+00	3.969465648854961781e-01	4.158789277425852804e-01
4.421409166666666835e+00	4.045801526717557328e-01	4.161621547690412259e-01
5.013968055555555914e+00	4.122137404580152320e-01	4.189586616754040205e-01
5.287422222222222246e+00	4.198473282442747867e-01	4.198077964030982323e-01
5.799809722222222241e+00	4.274809160305343414e-01	4.209138243596959872e-01
5.901548888888888733e+00	4.351145038167938961e-01	4.210766911214993691e-01
6.634814444444444348e+00	4.427480916030533953e-01	4.218840218915908546e-01
7.922010833333334112e+00	4.503816793893129500e-01	4.224533679793909258e-01
8.063095000000000567e+00	4.580152671755725047e-01	4.224833369692580498e-01
8.406832222222222484e+00	4.656488549618320594e-01	4.225416425497194317e-01
8.827116666666666944e+00	4.732824427480915586e-01	4.225914733221214359e-01
8.833543611111110749e+00	4.809160305343511133e-01	4.225920923813579200e-01
1.045595277777777810e+01	4.885496183206106680e-01	4.226718744261054317e-01
1.175567555555555543e+01	4.961832061068702227e-01	4.226874800940521038e-01
1.363978750000000062e+01	5.038167938931297218e-01	4.226932500448737362e-01
1.390651055555555615e+01	5.114503816793892765e-01	4.226936689656199397e-01
1.576303249999999956e+01	5.190839694656488312e-01	4.227002594708330618e-01
2.059839944444444271e+01	5.267175572519083859e-01	4.257900129637184894e-01
2.377938722222221912e+01	5.343511450381679406e-01	6.016224568370929227e-01
2.402295111111110870e+01	5.419847328244274953e-01	6.668025607333480931e-01
2.403058083333333173e+01	5.496183206106870500e-01	6.691894522492328745e-01
2.403129694444444198e+01	5.572519083969464937e-01	6.694146758695601607e-01
2.403672555555555590e+01	5.648854961832060484e-01	6.711287310747382495e-01
2.406685888888888769e+01	5.725190839694656031e-01	6.808619728861335929e-01
2.406994750000000138e+01	5.801526717557251578e-01	6.818809102710484682e-01
2.407089944444444285e+01	5.877862595419847125e-01	6.821957681713017863e-01
2.407263944444444093e+01	5.954198473282442672e-01	6.827722661647220859e-01
2.407614555555555569e+01	6.030534351145038219e-01	6.839378065870038714e-01
2.407724555555555668e+01	6.106870229007633766e-01	6.843045561667270293e-01
2.408876444444444331e+01	6.183206106870229313e-01	6.881761164969625311e-01
2.409072277777777771e+01	6.259541984732823749e-01	6.888399980523575161e-01
2.412046944444444563e+01	6.335877862595419296e-01	6.991307829509652016e-01
2.412444499999999792e+01	6.412213740458014843e-01	7.005359286603484170e-01
2.413314305555555705e+01	6.488549618320610390e-01	7.036351833072681528e-01
2.413471694444444537e+01	6.564885496183205937e-01	7.041996673601963463e-01
2.416547416666666592e+01	6.641221374045801484e-01	7.154614245119950144e-01
2.416804527777777878e+01	6.717557251908397031e-01	7.164229971161315547e-01
2.416863305555555641e+01	6.793893129770992578e-01	7.166432639080879685e-01
2.419321000000000055e+01	6.870229007633587015e-01	7.260027187527051673e-01
2.419502333333333510e+01	6.946564885496182562e-01	7.267049676480931142e-01
2.419681500000000085e+01	7.022900763358778109e-01	7.274004225746231178e-01
2.419852638888889018e+01	7.099236641221373656e-01	7.280662023500334978e-01
2.420581111111111028e+01	7.175572519083969203e-01	7.309164835940334948e-01
2.420727055555555651e+01	7.251908396946564750e-01	7.314907089526052619e-01
2.420954638888888866e+01	7.328244274809160297e-01	7.323882819506601916e-01
2.420999972222222141e+01	7.404580152671755844e-01	7.325673848591679471e-01
2.421130916666666621e+01	7.480916030534351391e-01	7.330853019999732378e-01
2.421157249999999905e+01	7.557251908396945828e-01	7.331895612400328721e-01
2.421271972222222146e+01	7.633587786259541375e-01	7.336441795682601130e-01
2.421273277777777722e+01	7.709923664122136922e-01	7.336493570196681580e-01
2.421982750000000095e+01	7.786259541984732468e-01	7.364757071163482438e-01
2.421985916666666583e+01	7.862595419847328015e-01	7.364883796947704342e-01
2.422333166666666671e+01	7.938931297709923562e-01	7.378811377482076272e-01
2.422480611111111060e+01	8.015267175572519109e-01	7.384743792651256022e-01
2.422539027777777676e+01	8.091603053435114656e-01	7.387097269584831372e-01
2.422893833333333191e+01	8.167938931297709093e-01	7.401429319429134734e-01
2.423057944444444445e+01	8.244274809160304640e-01	7.408080406963156728e-01
2.423206444444444330e+01	8.320610687022900187e-01	7.414110817122050445e-01
2.423824749999999995e+01	8.396946564885495734e-01	7.439342613587079933e-01
2.423881944444444514e+01	8.473282442748091281e-01	7.441686672169802730e-01
2.424089000000000027e+01	8.549618320610686828e-01	7.450186955950838241e-01
2.424155805555555432e+01	8.625954198473282375e-01	7.452934327685595273e-01
2.424876555555555413e+01	8.702290076335877922e-01	7.482724433291958466e-01
2.425115638888888725e+01	8.778625954198473469e-01	7.492666884388619053e-01
2.439203000000000188e+01	8.854961832061067906e-01	8.135403076642256925e-01
2.439808055555555555e+01	8.931297709923663453e-01	8.165679473281789447e-01
2.440241444444444241e+01	9.007633587786259000e-01	8.187509889427404541e-01
2.440457083333333443e+01	9.083969465648854547e-01	8.198416964617435410e-01
2.443457388888888815e+01	9.160305343511450094e-01	8.353326871916922913e-01
2.443625444444444383e+01	9.236641221374045641e-01	8.362180362381813614e-01
2.445688249999999897e+01	9.312977099236641187e-01	8.472413064983136399e-01
2.456820166666666694e+01	9.389312977099236734e-01	9.120025637001490937e-01
2.462628861111111078e+01	9.465648854961831171e-01	9.496272820202456000e-01
2.466971444444444117e+01	9.541984732824426718e-01	9.796335300456877615e-01
2.468866749999999755e+01	9.618320610687022265e-01	9.932596698399227542e-01
2.469390833333333646e+01	9.694656488549617812e-01	9.970860169393876982e-01
2.476657888888888692e+01	9.770992366412213359e-01	1.052865389873069324e+00
2.476888833333333650e+01	9.847328244274808906e-01	1.054724187513049749e+00
2.476935833333333292e+01	9.923664122137404453e-01	1.055103146342718068e+00
2.477711222222222531e+01	1.000000000000000000e+00	1.061387968679250893e+00
