7.766666666666666077e-04	0.000000000000000000e+00	6.285343604747844993e-04
8.344444444444444045e-04	1.194743130227001121e-03	6.752598085866903278e-04
8.733333333333333833e-04	2.389486260454002243e-03	7.067070986556058150e-04
9.319444444444444434e-04	3.584229390681003581e-03	7.540988104690820671e-04
9.749999999999999552e-04	4.778972520908004486e-03	7.889096808302829573e-04
1.266111111111111083e-03	5.973715651135005390e-03	1.024210617004377285e-03
1.920000000000000049e-03	7.168458781362007162e-03	1.552324021042168333e-03
2.265555555555555812e-03	8.363201911589008067e-03	1.831179868069549672e-03
3.301388888888888862e-03	9.557945041816008971e-03	2.666114307430757745e-03
5.136944444444443980e-03	1.075268817204300988e-02	4.142133525616454107e-03
5.467777777777778001e-03	1.194743130227001078e-02	4.407685988771619864e-03
5.988888888888888214e-03	1.314217443249701169e-02	4.825673591133419933e-03
6.144722222222221558e-03	1.433691756272401432e-02	4.950598393562342936e-03
7.197777777777777768e-03	1.553166069295101523e-02	5.793938169302338854e-03
8.059166666666667603e-03	1.672640382317801613e-02	6.482683066811386653e-03
8.173333333333332798e-03	1.792114695340501704e-02	6.573893750000813982e-03
8.267777777777778406e-03	1.911589008363201794e-02	6.649334740510924949e-03
8.340277777777778054e-03	2.031063321385901885e-02	6.707238747005734095e-03
8.678888888888888764e-03	2.150537634408601975e-02	6.977586761341442179e-03
8.978888888888888684e-03	2.270011947431302066e-02	7.216980257686760394e-03
9.074166666666667880e-03	2.389486260454002156e-02	7.292984843808943476e-03
9.374166666666666065e-03	2.508960573476702247e-02	7.532220841477152776e-03
9.418333333333332377e-03	2.628434886499402337e-02	7.567431606554512677e-03
9.589166666666667713e-03	2.747909199522102427e-02	7.703599814812407860e-03
9.889166666666665897e-03	2.867383512544802865e-02	7.942630765847983124e-03
1.008583333333333207e-02	2.986857825567502955e-02	8.099264056847632620e-03
1.011388888888888754e-02	3.106332138590203046e-02	8.121604456625507520e-03
1.027222222222222078e-02	3.225806451612903136e-02	8.247664379208898694e-03
1.038583333333333372e-02	3.345280764635603227e-02	8.338097427117344140e-03
1.042249999999999947e-02	3.464755077658303317e-02	8.367279991956690435e-03
1.052611111111111108e-02	3.584229390681003408e-02	8.449733216371626415e-03
1.059805555555555501e-02	3.703703703703703498e-02	8.506977892817173259e-03
1.066055555555555506e-02	3.823178016726403589e-02	8.556702258491385646e-03
1.067527777777777659e-02	3.942652329749103679e-02	8.568414356117673436e-03
1.075722222222222184e-02	4.062126642771803769e-02	8.633599087678859446e-03
1.078499999999999945e-02	4.181600955794503860e-02	8.655693588592873119e-03
1.090888888888888811e-02	4.301075268817203950e-02	8.754222621790510445e-03
1.105638888888888817e-02	4.420549581839904041e-02	8.871503110071348938e-03
1.122583333333333246e-02	4.540023894862604131e-02	9.006196564368261492e-03
1.124472222222222192e-02	4.659498207885304222e-02	9.021209218407785432e-03
1.127611111111111175e-02	4.778972520908004312e-02	9.046155672869215375e-03
1.146166666666666688e-02	4.898446833930704403e-02	9.193600118139572466e-03
1.155166666666666668e-02	5.017921146953404493e-02	9.265098685076392573e-03
1.158000000000000002e-02	5.137395459976104584e-02	9.287605275924258261e-03
1.177361111111110969e-02	5.256869772998804674e-02	9.441371900744345916e-03
1.194111111111111068e-02	5.376344086021504765e-02	9.574361004202485564e-03
1.201444444444444565e-02	5.495818399044204855e-02	9.632573416997629312e-03
1.213527777777777782e-02	5.615292712066904945e-02	9.728476094279698422e-03
1.280638888888888972e-02	5.734767025089605730e-02	1.026077074854144476e-02
1.317888888888888929e-02	5.854241338112305820e-02	1.055596413761630478e-02
1.357388888888888881e-02	5.973715651135005911e-02	1.086878806394410424e-02
1.368638888888888856e-02	6.093189964157706001e-02	1.095784585101113387e-02
1.368861111111111147e-02	6.212664277180406092e-02	1.095960484917303523e-02
1.391583333333333387e-02	6.332138590203105488e-02	1.113942806126578047e-02
1.394388888888888935e-02	6.451612903225806273e-02	1.116162645369870969e-02
1.409249999999999912e-02	6.571087216248505669e-02	1.127919470580620968e-02
1.451694444444444516e-02	6.690561529271206453e-02	1.161481827977081487e-02
1.461472222222222166e-02	6.810035842293905850e-02	1.169210109836327401e-02
1.564916666666666886e-02	6.929510155316606634e-02	1.250894800449807442e-02
1.565499999999999878e-02	7.048984468339306031e-02	1.251355029610416031e-02
1.586222222222222200e-02	7.168458781362006815e-02	1.267701223230365860e-02
1.757361111111111276e-02	7.287933094384706212e-02	1.402484343252750031e-02
1.847083333333333563e-02	7.407407407407406996e-02	1.472993186300705810e-02
2.065222222222222112e-02	7.526881720430106393e-02	1.643980470005191805e-02
2.066194444444444459e-02	7.646356033452807177e-02	1.644741153234562797e-02
2.078249999999999889e-02	7.765830346475507961e-02	1.654172602360997474e-02
2.378250000000000156e-02	7.885304659498207358e-02	1.888263587701322424e-02
2.518777777777777768e-02	8.004778972520908142e-02	1.997516385137410380e-02
2.606250000000000233e-02	8.124253285543607539e-02	2.065392373974212978e-02
2.653583333333333141e-02	8.243727598566308323e-02	2.102080513820787921e-02
2.828638888888888869e-02	8.363201911589007720e-02	2.237515420650933520e-02
2.862555555555555686e-02	8.482676224611708504e-02	2.263710046949261520e-02
2.873194444444444537e-02	8.602150537634407901e-02	2.271923659725817377e-02
2.984999999999999806e-02	8.721624850657108685e-02	2.358153723782091538e-02
2.986833333333333354e-02	8.841099163679808082e-02	2.359566345386394232e-02
3.040444444444444574e-02	8.960573476702508866e-02	2.400855764843039600e-02
3.041416666666666574e-02	9.080047789725208263e-02	2.401604196511498979e-02
3.083388888888888638e-02	9.199522102747909047e-02	2.433903512254502813e-02
3.118361111111110986e-02	9.318996415770608444e-02	2.460798812577349656e-02
3.279750000000000026e-02	9.438470728793309228e-02	2.584711848078175001e-02
3.361611111111111050e-02	9.557945041816008624e-02	2.647436960774309997e-02
3.399361111111110639e-02	9.677419354838709409e-02	2.676333664131407691e-02
3.453055555555555739e-02	9.796893667861408805e-02	2.717404173933655673e-02
3.488694444444444265e-02	9.916367980884109590e-02	2.744643848202474659e-02
3.489055555555555660e-02	1.003584229390680899e-01	2.744919771546161860e-02
3.577611111111111269e-02	1.015531660692950977e-01	2.812534603413270953e-02
3.697305555555555762e-02	1.027479091995220917e-01	2.903766619884622091e-02
3.719305555555555559e-02	1.039426523297490995e-01	2.920515416406437373e-02
3.810305555555555668e-02	1.051373954599760935e-01	2.989729394952307315e-02
3.811805555555555086e-02	1.063321385902031013e-01	2.990869406399855601e-02
3.984750000000000097e-02	1.075268817204300953e-01	3.122117809510118261e-02
4.223472222222222211e-02	1.087216248506571031e-01	3.302665545495920424e-02
4.232999999999999957e-02	1.099163679808840971e-01	3.309856606993770434e-02
4.355333333333333279e-02	1.111111111111111049e-01	3.402086038933854056e-02
4.601805555555555510e-02	1.123058542413380989e-01	3.587336605853510413e-02
4.619055555555555415e-02	1.135005973715651068e-01	3.600273406719201735e-02
4.715083333333332932e-02	1.146953405017921146e-01	3.672222474277987703e-02
4.872499999999999748e-02	1.158900836320191086e-01	3.789918763835881110e-02
4.927833333333332677e-02	1.170848267622461164e-01	3.831216819230163356e-02
4.952916666666666579e-02	1.182795698924731104e-01	3.849925245902308113e-02
5.005194444444444751e-02	1.194743130227001182e-01	3.888891571226713723e-02
5.129666666666667096e-02	1.206690561529271122e-01	3.981533121611819520e-02
5.274611111111111167e-02	1.218637992831541200e-01	4.089169956144109858e-02
5.464638888888889018e-02	1.230585424133811140e-01	4.229893071680981831e-02
5.758833333333333859e-02	1.242532855436081218e-01	4.446879415962251558e-02
5.877083333333332771e-02	1.254480286738351158e-01	4.533796982576288048e-02
5.962805555555555914e-02	1.266427718040621098e-01	4.596698677953378609e-02
6.050666666666666693e-02	1.278375149342891315e-01	4.661076761707649146e-02
6.134027777777777135e-02	1.290322580645161255e-01	4.722070577535108366e-02
6.205416666666666720e-02	1.302270011947431194e-01	4.774237286057864821e-02
6.349111111111110928e-02	1.314217443249701134e-01	4.879052723458083413e-02
6.480388888888889698e-02	1.326164874551971351e-01	4.974592084242136086e-02
6.482361111111110963e-02	1.338112305854241291e-01	4.976025806808136859e-02
7.247361111111109977e-02	1.350059737156511230e-01	5.528612869629424137e-02
7.549861111111111356e-02	1.362007168458781170e-01	5.745185072395950221e-02
7.558277777777777651e-02	1.373954599761051387e-01	5.751195327527387074e-02
7.565111111111111342e-02	1.385902031063321327e-01	5.756074321158060475e-02
7.639222222222222247e-02	1.397849462365591267e-01	5.808953943890679539e-02
7.720888888888888246e-02	1.409796893667861206e-01	5.867149075702508820e-02
7.782250000000000278e-02	1.421744324970131423e-01	5.910822567972066205e-02
7.820249999999999424e-02	1.433691756272401363e-01	5.937846532244761555e-02
8.230694444444444646e-02	1.445639187574671303e-01	6.228649854378934952e-02
8.233250000000000290e-02	1.457586618876941242e-01	6.230454268814521884e-02
8.289055555555555066e-02	1.469534050179211460e-01	6.269838050704645838e-02
8.495638888888890072e-02	1.481481481481481399e-01	6.415312530683710268e-02
8.867694444444444712e-02	1.493428912783751339e-01	6.676052602741137931e-02
8.899361111111112055e-02	1.505376344086021279e-01	6.698170407551777561e-02
9.166138888888888947e-02	1.517323775388291496e-01	6.884040994154420889e-02
9.504499999999999060e-02	1.529271206690561435e-01	7.118600935455740575e-02
9.530694444444444413e-02	1.541218637992831375e-01	7.136704496035070622e-02
9.607611111111111213e-02	1.553166069295101592e-01	7.189817699761813508e-02
9.666833333333332834e-02	1.565113500597371532e-01	7.230666050916038923e-02
9.738694444444444265e-02	1.577060931899641472e-01	7.280177979765721508e-02
9.830555555555554881e-02	1.589008363201911411e-01	7.343383600780684084e-02
9.882361111111111207e-02	1.600955794504181628e-01	7.378986133894038790e-02
1.014224999999999988e-01	1.612903225806451568e-01	7.557127875313085497e-02
1.036744444444444441e-01	1.624850657108721508e-01	7.710866073342248495e-02
1.134300000000000030e-01	1.636798088410991447e-01	8.370251612422895116e-02
1.155622222222222190e-01	1.648745519713261665e-01	8.512949450731165102e-02
1.167030555555555460e-01	1.660692951015531604e-01	8.589091334895071483e-02
1.179988888888888893e-01	1.672640382317801544e-01	8.675403025832806314e-02
1.188397222222222216e-01	1.684587813620071484e-01	8.731308952851829508e-02
1.212163888888888874e-01	1.696535244922341701e-01	8.888907856882054259e-02
1.216288888888888836e-01	1.708482676224611641e-01	8.916197646875501093e-02
1.224213888888888851e-01	1.720430107526881580e-01	8.968574557164599170e-02
1.276694444444444465e-01	1.732377538829151520e-01	9.313683696925190159e-02
1.335244444444444456e-01	1.744324970131421737e-01	9.695163059356222413e-02
1.373052777777777622e-01	1.756272401433691677e-01	9.939532511904036749e-02
1.377322222222222281e-01	1.768219832735961616e-01	9.967030995853820574e-02
1.391052777777777860e-01	1.780167264038231556e-01	1.005533386252147332e-01
1.399533333333333185e-01	1.792114695340501773e-01	1.010977258336990398e-01
1.449888888888888894e-01	1.804062126642771713e-01	1.043143851077825424e-01
1.467241666666666555e-01	1.816009557945041653e-01	1.054166287662460372e-01
1.473527777777777770e-01	1.827956989247311592e-01	1.058151356973234120e-01
1.475427777777777727e-01	1.839904420549581809e-01	1.059355038087046175e-01
1.497344444444444478e-01	1.851851851851851749e-01	1.073212111353218090e-01
1.542666666666666631e-01	1.863799283154121689e-01	1.101707725689477779e-01
1.623391666666666733e-01	1.875746714456391628e-01	1.151932729411872663e-01
1.650452777777777769e-01	1.887694145758661846e-01	1.168618940013045338e-01
1.651650000000000063e-01	1.899641577060931785e-01	1.169355426597005615e-01
1.656797222222222143e-01	1.911589008363201725e-01	1.172520134438268941e-01
1.676972222222222197e-01	1.923536439665471942e-01	1.184898375405143700e-01
1.695286111111111160e-01	1.935483870967741882e-01	1.196098797548053039e-01
1.793008333333333260e-01	1.947431302270011821e-01	1.255289919801167164e-01
1.816016666666666612e-01	1.959378733572281761e-01	1.269086738351706822e-01
1.818375000000000130e-01	1.971326164874551978e-01	1.270497915730035565e-01
1.892250000000000043e-01	1.983273596176821918e-01	1.314423797275015293e-01
1.930191666666666861e-01	1.995221027479091858e-01	1.336774682736190378e-01
1.954177777777777736e-01	2.007168458781361797e-01	1.350831881441824922e-01
1.954716666666666547e-01	2.019115890083632014e-01	1.351147056034611160e-01
1.994280555555555667e-01	2.031063321385901954e-01	1.374209314965862960e-01
2.072038888888888819e-01	2.043010752688171894e-01	1.419095259075997539e-01
2.092208333333333559e-01	2.054958183990441833e-01	1.430643451783714659e-01
2.137269444444444555e-01	2.066905615292712051e-01	1.456303911657371164e-01
2.182061111111111285e-01	2.078853046594981990e-01	1.481620850321922478e-01
2.284822222222221977e-01	2.090800477897251930e-01	1.538994488302062869e-01
2.297502777777777894e-01	2.102747909199521870e-01	1.546006505213165516e-01
2.372308333333333075e-01	2.114695340501792087e-01	1.587072113275322383e-01
2.444905555555555721e-01	2.126642771804062026e-01	1.626439356948947701e-01
2.509388888888888780e-01	2.138590203106331966e-01	1.661009874486279458e-01
2.539969444444444280e-01	2.150537634408601906e-01	1.677275291128025592e-01
2.636027777777777970e-01	2.162485065710872123e-01	1.727832197790880597e-01
2.671505555555555578e-01	2.174432497013142063e-01	1.746301150476435859e-01
2.731991666666666596e-01	2.186379928315412002e-01	1.777538431432094945e-01
2.733761111111110975e-01	2.198327359617681942e-01	1.778447510913838403e-01
2.768186111111111125e-01	2.210274790919952159e-01	1.796080700741957970e-01
2.780986111111111159e-01	2.222222222222222099e-01	1.802611389804972264e-01
2.787161111111111089e-01	2.234169653524492039e-01	1.805756963823741679e-01
2.829336111111110941e-01	2.246117084826761978e-01	1.827154849036069229e-01
2.854866666666666664e-01	2.258064516129032195e-01	1.840035197676515299e-01
2.878288888888888564e-01	2.270011947431302135e-01	1.851803817877084590e-01
2.923594444444443941e-01	2.281959378733572075e-01	1.874438003001620834e-01
2.975927777777778171e-01	2.293906810035842292e-01	1.900371559785418996e-01
2.996922222222222487e-01	2.305854241338112232e-01	1.910711923373569487e-01
3.034972222222221960e-01	2.317801672640382171e-01	1.929360765887396245e-01
3.053472222222222143e-01	2.329749103942652111e-01	1.938385280888695605e-01
3.081405555555555842e-01	2.341696535244922328e-01	1.951958922055752610e-01
3.191111111111111232e-01	2.353643966547192268e-01	2.004661472900871599e-01
3.301502777777777786e-01	2.365591397849462207e-01	2.056730795825231772e-01
3.301525000000000154e-01	2.377538829151732147e-01	2.056741181508691951e-01
3.342566666666667019e-01	2.389486260454002364e-01	2.075856819403945064e-01
3.488972222222221919e-01	2.401433691756272304e-01	2.142992633006339243e-01
3.530699999999999950e-01	2.413381123058542244e-01	2.161829568808631696e-01
3.532491666666666141e-01	2.425328554360812183e-01	2.162635444266317319e-01
3.579555555555555824e-01	2.437275985663082400e-01	2.183718487508378714e-01
3.679786111111110758e-01	2.449223416965352340e-01	2.228071613572151499e-01
3.751569444444444734e-01	2.461170848267622280e-01	2.259384725514060055e-01
3.755019444444444576e-01	2.473118279569892219e-01	2.260880269258221942e-01
3.967227777777777575e-01	2.485065710872162437e-01	2.351238574675960369e-01
3.971255555555555650e-01	2.497013142174432376e-01	2.352922918344976244e-01
3.981097222222221843e-01	2.508960573476702316e-01	2.357033776196435226e-01
4.115588888888889185e-01	2.520908004778972256e-01	2.412541056002484308e-01
4.142163888888888978e-01	2.532855436081242195e-01	2.423362765675197983e-01
4.180749999999999744e-01	2.544802867383512135e-01	2.438990576920644637e-01
4.218933333333333424e-01	2.556750298685782630e-01	2.454356739647488850e-01
4.225688888888888828e-01	2.568697729988052569e-01	2.457065229536538054e-01
4.298988888888888860e-01	2.580645161290322509e-01	2.486258210700665050e-01
4.383313888888888954e-01	2.592592592592592449e-01	2.519404344570670973e-01
4.404000000000000137e-01	2.604540023894862388e-01	2.527464723012787240e-01
4.479491666666666760e-01	2.616487455197132328e-01	2.556645778866225016e-01
4.588327777777777561e-01	2.628434886499402268e-01	2.598075675887595026e-01
4.623747222222222009e-01	2.640382317801672207e-01	2.611397442446183326e-01
4.882372222222222113e-01	2.652329749103942702e-01	2.706325051731846565e-01
4.948933333333333517e-01	2.664277180406212642e-01	2.730101906919621402e-01
4.950416666666667131e-01	2.676224611708482581e-01	2.730628785191157593e-01
4.955427777777777765e-01	2.688172043010752521e-01	2.732407763998835892e-01
5.000249999999999417e-01	2.700119474313022461e-01	2.748254120961364233e-01
5.003177777777777502e-01	2.712066905615292400e-01	2.749285092773735006e-01
5.026688888888888318e-01	2.724014336917562340e-01	2.757545971185544897e-01
5.064044444444444348e-01	2.735961768219832835e-01	2.770604916693354403e-01
5.122688888888888847e-01	2.747909199522102774e-01	2.790942999135269109e-01
5.155141666666667177e-01	2.759856630824372714e-01	2.802112666865180235e-01
5.281130555555555439e-01	2.771804062126642654e-01	2.844908325852583686e-01
5.350472222222222296e-01	2.783751493428912593e-01	2.868081961144850478e-01
5.352188888888889107e-01	2.795698924731182533e-01	2.868652275620215963e-01
5.389874999999999527e-01	2.807646356033452473e-01	2.881131450694959795e-01
5.470724999999999616e-01	2.819593787335722412e-01	2.907640952115089772e-01
5.531755555555555315e-01	2.831541218637992907e-01	2.927416925226424826e-01
5.886333333333333417e-01	2.843488649940262847e-01	3.038420570870379311e-01
5.946375000000000410e-01	2.855436081242532786e-01	3.056576854326648607e-01
5.965941666666666476e-01	2.867383512544802726e-01	3.062454606431669335e-01
5.970869444444444341e-01	2.879330943847072666e-01	3.063931876082422456e-01
6.114247222222222167e-01	2.891278375149342605e-01	3.106387861881498846e-01
6.149963888888888563e-01	2.903225806451612545e-01	3.116807276189692000e-01
6.178138888888888847e-01	2.915173237753882485e-01	3.124982998161879300e-01
6.196080555555555369e-01	2.927120669056152980e-01	3.130169295631867743e-01
6.386830555555556010e-01	2.939068100358422919e-01	3.184360922014976558e-01
6.519163888888888092e-01	2.951015531660692859e-01	3.220958014785156309e-01
6.644302777777777447e-01	2.962962962962962798e-01	3.254831507915179056e-01
6.723750000000000560e-01	2.974910394265232738e-01	3.275973458836489161e-01
6.765808333333332980e-01	2.986857825567502678e-01	3.287053035846143056e-01
6.780888888888888522e-01	2.998805256869772617e-01	3.291006901199721169e-01
6.841602777777777700e-01	3.010752688172042557e-01	3.306824990746905502e-01
6.872916666666666341e-01	3.022700119474313052e-01	3.314921064052703259e-01
6.925522222222222357e-01	3.034647550776582992e-01	3.328427348398037000e-01
6.949244444444444557e-01	3.046594982078852931e-01	3.334479349068592002e-01
7.040091666666666859e-01	3.058542413381122871e-01	3.357436444282112520e-01
7.117058333333333708e-01	3.070489844683392811e-01	3.376616046991067766e-01
7.126677777777776779e-01	3.082437275985662750e-01	3.378995918655519626e-01
7.280613888888889385e-01	3.094384707287932690e-01	3.416566046223878383e-01
7.329030555555555715e-01	3.106332138590203185e-01	3.428185090887428399e-01
7.364977777777776957e-01	3.118279569892473124e-01	3.436751330737328192e-01
7.432347222222221994e-01	3.130227001194743064e-01	3.452668071813537187e-01
7.522561111111110144e-01	3.142174432497013004e-01	3.473704358862284014e-01
7.546680555555554948e-01	3.154121863799282943e-01	3.479275261356036264e-01
7.624849999999999683e-01	3.166069295101552883e-01	3.497177192295692905e-01
7.699427777777777537e-01	3.178016726403822823e-01	3.514040763612640839e-01
7.806797222222222610e-01	3.189964157706092762e-01	3.537954401484957878e-01
7.879502777777778189e-01	3.201911589008363257e-01	3.553906540717644003e-01
8.159827777777778346e-01	3.213859020310633197e-01	3.613635696461869884e-01
8.230052777777777662e-01	3.225806451612903136e-01	3.628167030144194838e-01
8.256205555555555797e-01	3.237753882915173076e-01	3.633535431212397415e-01
8.376352777777777980e-01	3.249701314217443016e-01	3.657899981290059221e-01
8.546488888888889024e-01	3.261648745519712955e-01	3.691578537525717629e-01
8.552508333333332935e-01	3.273596176821982895e-01	3.692752705146447600e-01
8.596036111111110545e-01	3.285543608124252835e-01	3.701208409203080030e-01
8.815361111111111869e-01	3.297491039426523329e-01	3.742894517338631877e-01
8.972736111111111468e-01	3.309438470728793269e-01	3.771881829205963044e-01
9.009174999999999267e-01	3.321385902031063209e-01	3.778486001149219398e-01
9.019288888888888911e-01	3.333333333333333148e-01	3.780311946303741566e-01
9.166002777777777499e-01	3.345280764635603088e-01	3.806456518180059145e-01
9.191424999999999734e-01	3.357228195937873028e-01	3.810922221740795646e-01
9.303686111111111323e-01	3.369175627240142967e-01	3.830417699206437043e-01
9.502019444444443907e-01	3.381123058542412907e-01	3.863982521409484727e-01
9.644838888888888073e-01	3.393070489844683402e-01	3.887475190195844310e-01
9.690138888888888413e-01	3.405017921146953341e-01	3.894810740474222155e-01
9.699066666666666947e-01	3.416965352449223281e-01	3.896249924446014146e-01
9.814933333333334398e-01	3.428912783751493221e-01	3.914735215782631506e-01
9.929133333333333145e-01	3.440860215053763160e-01	3.932608971163166767e-01
1.003219166666666551e+00	3.452807646356033100e-01	3.948449759607493004e-01
1.021501666666666752e+00	3.464755077658303040e-01	3.975891067223401576e-01
1.029948055555555575e+00	3.476702508960573534e-01	3.988289405329912274e-01
1.033484999999999987e+00	3.488649940262843474e-01	3.993429666728330885e-01
1.041424166666666595e+00	3.500597371565113414e-01	4.004858063708908178e-01
1.044755277777777769e+00	3.512544802867383353e-01	4.009608376725070089e-01
1.052280000000000104e+00	3.524492234169653293e-01	4.020242483571077607e-01
1.065393055555555524e+00	3.536439665471923233e-01	4.038458726084689920e-01
1.083529722222222214e+00	3.548387096774193172e-01	4.063007066717912452e-01
1.083725277777777718e+00	3.560334528076463112e-01	4.063267736357700222e-01
1.108118333333333316e+00	3.572281959378733607e-01	4.095126323771556276e-01
1.122384444444444407e+00	3.584229390681003546e-01	4.113167686653186883e-01
1.152913055555555566e+00	3.596176821983273486e-01	4.150365047787329398e-01
1.165607777777777798e+00	3.608124253285543426e-01	4.165284832185711661e-01
1.167367500000000113e+00	3.620071684587813365e-01	4.167328214538806863e-01
1.171948055555555479e+00	3.632019115890083305e-01	4.172619147904238490e-01
1.175630277777777843e+00	3.643966547192353245e-01	4.176843269525383207e-01
1.184833333333333183e+00	3.655913978494623184e-01	4.187288149546532501e-01
1.188655555555555576e+00	3.667861409796893679e-01	4.191579308851474117e-01
1.201149444444444381e+00	3.679808841099163619e-01	4.205417026770085220e-01
1.210001388888888973e+00	3.691756272401433558e-01	4.215048310732255610e-01
1.344794999999999963e+00	3.703703703703703498e-01	4.345451422190035884e-01
1.381400555555555743e+00	3.715651135005973438e-01	4.376096006285642437e-01
1.398626666666666463e+00	3.727598566308243377e-01	4.389883305708788819e-01
1.417713611111111272e+00	3.739545997610513317e-01	4.404705177374689251e-01
1.418058888888888758e+00	3.751493428912783257e-01	4.404968987477814735e-01
1.435089999999999977e+00	3.763440860215053752e-01	4.417795187808156721e-01
1.438191388888888866e+00	3.775388291517323691e-01	4.420091962747146885e-01
1.443251666666666599e+00	3.787335722819593631e-01	4.423814050295925560e-01
1.454343055555555653e+00	3.799283154121863570e-01	4.431863450709211394e-01
1.469874722222222152e+00	3.811230585424133510e-01	4.442888390425352996e-01
1.489383333333333281e+00	3.823178016726403450e-01	4.456338411149970424e-01
1.504305277777777672e+00	3.835125448028673389e-01	4.466335325914557730e-01
1.506065833333333437e+00	3.847072879330943884e-01	4.467498508408945801e-01
1.510195277777777845e+00	3.859020310633213824e-01	4.470213452969132306e-01
1.510874166666666740e+00	3.870967741935483764e-01	4.470658011337170779e-01
1.578191666666666659e+00	3.882915173237753703e-01	4.512335520512981146e-01
1.580300555555555597e+00	3.894862604540023643e-01	4.513567205959656548e-01
1.589833055555555541e+00	3.906810035842293582e-01	4.519080972876793889e-01
1.601669444444444590e+00	3.918757467144563522e-01	4.525806673355444731e-01
1.603718888888888916e+00	3.930704898446833462e-01	4.526957811144023958e-01
1.621105277777777909e+00	3.942652329749103957e-01	4.536567041902268005e-01
1.632510833333333355e+00	3.954599761051373896e-01	4.542721325814595978e-01
1.640866666666666696e+00	3.966547192353643836e-01	4.547156424079563108e-01
1.641809166666666542e+00	3.978494623655913776e-01	4.547652821637057086e-01
1.660889166666666750e+00	3.990442054958183715e-01	4.557536210412503896e-01
1.702736388888888897e+00	4.002389486260453655e-01	4.578144215005063300e-01
1.742403611111111195e+00	4.014336917562723595e-01	4.596396668281741982e-01
1.753788055555555392e+00	4.026284348864993534e-01	4.601416296169743014e-01
1.760650000000000048e+00	4.038231780167264029e-01	4.604396225015391364e-01
1.778243888888888957e+00	4.050179211469533969e-01	4.611882950057218378e-01
1.785006944444444299e+00	4.062126642771803908e-01	4.614702979802807747e-01
1.795910833333333567e+00	4.074074074074073848e-01	4.619183293982532246e-01
1.815776944444444263e+00	4.086021505376343788e-01	4.627139922506079972e-01
1.842997777777777957e+00	4.097968936678613727e-01	4.637623537846674582e-01
1.958209722222222338e+00	4.109916367980883667e-01	4.677091085498599199e-01
1.960328611111111119e+00	4.121863799283153607e-01	4.677748388038741600e-01
1.973730277777777875e+00	4.133811230585424101e-01	4.681852445022572917e-01
2.109960277777777726e+00	4.145758661887694041e-01	4.718763007552921329e-01
2.143041388888888843e+00	4.157706093189963981e-01	4.726532079946858533e-01
2.190738611111111123e+00	4.169653524492233920e-01	4.737006659189392788e-01
2.219391111111111314e+00	4.181600955794503860e-01	4.742910428983794224e-01
2.224598888888888570e+00	4.193548387096773800e-01	4.743953556944305316e-01
2.227233055555555286e+00	4.205495818399043739e-01	4.744477751110773855e-01
2.234025277777777596e+00	4.217443249701314234e-01	4.745818831296391704e-01
2.348428888888888455e+00	4.229390681003584174e-01	4.766270049158045641e-01
2.355573611111111187e+00	4.241338112305854113e-01	4.767422615988328727e-01
2.364473888888888986e+00	4.253285543608124053e-01	4.768839338492782964e-01
2.365075277777778151e+00	4.265232974910393993e-01	4.768934310894182849e-01
2.367709722222222091e+00	4.277180406212663932e-01	4.769349228155514431e-01
2.427621944444444679e+00	4.289127837514933872e-01	4.778310183285212620e-01
2.430782499999999846e+00	4.301075268817203812e-01	4.778758535448150990e-01
2.432985555555555290e+00	4.313022700119474306e-01	4.779069665426364244e-01
2.468270555555555301e+00	4.324970131421744246e-01	4.783900422676536368e-01
2.470841666666666825e+00	4.336917562724014186e-01	4.784241456318437669e-01
2.536341666666666494e+00	4.348864994026284125e-01	4.792454836678578523e-01
2.584725833333333611e+00	4.360812425328554065e-01	4.797971953354102648e-01
2.609483333333333377e+00	4.372759856630824005e-01	4.800627691109858874e-01
2.635677222222222227e+00	4.384707287933093944e-01	4.803320843687973185e-01
2.641268333333333551e+00	4.396654719235363884e-01	4.803880645915913905e-01
2.649954722222222170e+00	4.408602150537634379e-01	4.804740086903691587e-01
2.651339722222222139e+00	4.420549581839904318e-01	4.804875975071306038e-01
2.687321388888888940e+00	4.432497013142174258e-01	4.808298671273711355e-01
2.699910000000000032e+00	4.444444444444444198e-01	4.809448538458884759e-01
2.739896666666666647e+00	4.456391875746714137e-01	4.812945163968180284e-01
2.744834166666666686e+00	4.468339307048984077e-01	4.813360998020115300e-01
2.751508888888889004e+00	4.480286738351254017e-01	4.813917733421604894e-01
2.753775555555555865e+00	4.492234169653523956e-01	4.814105392089824131e-01
2.789631944444444400e+00	4.504181600955794451e-01	4.816981655454840583e-01
2.797000277777777377e+00	4.516129032258064391e-01	4.817551743615152704e-01
2.831627500000000186e+00	4.528076463560334330e-01	4.820139150054574828e-01
2.861539722222222082e+00	4.540023894862604270e-01	4.822257251037674886e-01
2.867723333333333180e+00	4.551971326164874210e-01	4.822682112177286706e-01
2.875617222222222047e+00	4.563918757467144149e-01	4.823218164821825860e-01
2.921714166666666834e+00	4.575866188769414089e-01	4.826211615124669785e-01
2.979945277777777957e+00	4.587813620071684584e-01	4.829678979296066488e-01
2.984963333333333413e+00	4.599761051373954523e-01	4.829962342701443201e-01
2.988395555555555472e+00	4.611708482676224463e-01	4.830154797121498089e-01
3.015693333333333115e+00	4.623655913978494403e-01	4.831646926123510100e-01
3.036401666666666888e+00	4.635603345280764342e-01	4.832734483320078045e-01
3.051936388888888629e+00	4.647550776583034282e-01	4.833526068473352755e-01
3.057860000000000245e+00	4.659498207885304222e-01	4.833822559969644383e-01
3.064202777777777609e+00	4.671445639187574161e-01	4.834136806604346637e-01
3.071559166666666396e+00	4.683393070489844656e-01	4.834497139311563219e-01
3.078121944444444313e+00	4.695340501792114596e-01	4.834814895325585393e-01
3.115491666666666770e+00	4.707287933094384536e-01	4.836559553592507665e-01
3.262149722222221992e+00	4.719235364396654475e-01	4.842447595711260599e-01
3.280636944444444314e+00	4.731182795698924415e-01	4.843092905648226365e-01
3.310624166666666479e+00	4.743130227001194354e-01	4.844098297403048314e-01
3.336575555555555628e+00	4.755077658303464294e-01	4.844928767838534434e-01
3.392464722222221951e+00	4.767025089605734234e-01	4.846599955647224456e-01
3.441215833333333585e+00	4.778972520908004729e-01	4.847935975064551206e-01
3.448638611111111363e+00	4.790919952210274668e-01	4.848130049803607844e-01
3.501595277777777682e+00	4.802867383512544608e-01	4.849447188050473589e-01
3.522305000000000241e+00	4.814814814814814548e-01	4.849931507943963105e-01
3.551094166666666663e+00	4.826762246117084487e-01	4.850577625045404684e-01
3.556251944444444479e+00	4.838709677419354427e-01	4.850690145444652712e-01
3.625130555555555301e+00	4.850657108721624367e-01	4.852103731793213637e-01
3.634924166666666956e+00	4.862604540023894306e-01	4.852291881832723197e-01
3.778121111111111485e+00	4.874551971326164801e-01	4.854719642836560212e-01
3.804773611111111009e+00	4.886499402628434741e-01	4.855111032945920724e-01
3.861030555555555299e+00	4.898446833930704680e-01	4.855882284156909368e-01
3.981980277777778188e+00	4.910394265232974620e-01	4.857314906374078367e-01
4.047607777777778360e+00	4.922341696535244560e-01	4.857979627559586011e-01
4.059638888888889241e+00	4.934289127837514499e-01	4.858093803274695643e-01
4.375784166666666586e+00	4.946236559139784439e-01	4.860403207099537881e-01
4.376401944444444858e+00	4.958183990442054379e-01	4.860406634146227089e-01
4.421409166666666835e+00	4.970131421744324873e-01	4.860647057228840717e-01
4.605000000000000426e+00	4.982078853046594813e-01	4.861460795767301724e-01
4.617990555555555154e+00	4.994026284348864753e-01	4.861509493428132767e-01
4.664487777777777566e+00	5.005973715651135247e-01	4.861675413912842636e-01
4.665206944444443948e+00	5.017921146953404632e-01	4.861677880652969796e-01
4.805988055555555860e+00	5.029868578255675127e-01	4.862108083811059189e-01
4.888755555555555965e+00	5.041816009557944511e-01	4.862317744291430044e-01
4.922063055555555344e+00	5.053763440860215006e-01	4.862394294222353586e-01
5.013968055555555914e+00	5.065710872162484391e-01	4.862584770216760721e-01
5.287422222222222246e+00	5.077658303464754885e-01	4.863006091899305661e-01
5.799809722222222241e+00	5.089605734767024270e-01	4.863425425060391438e-01
5.803852499999999637e+00	5.101553166069294765e-01	4.863427513584621664e-01
5.901548888888888733e+00	5.113500597371565259e-01	4.863473936577645262e-01
6.610309166666667124e+00	5.125448028673834644e-01	4.863655999743379255e-01
6.634814444444444348e+00	5.137395459976105139e-01	4.863659228235281962e-01
6.741966944444444110e+00	5.149342891278374523e-01	4.863671895716443760e-01
6.969716111111110557e+00	5.161290322580645018e-01	4.863692364594936479e-01
7.134334444444443868e+00	5.173237753882914403e-01	4.863703006820008223e-01
7.436001111111110617e+00	5.185185185185184897e-01	4.863716333713298812e-01
7.571264166666666462e+00	5.197132616487455392e-01	4.863720453097774565e-01
7.790651666666667197e+00	5.209080047789724777e-01	4.863725444469087500e-01
7.799578888888889061e+00	5.221027479091995271e-01	4.863725611520979819e-01
7.922010833333334112e+00	5.232974910394264656e-01	4.863727669041976176e-01
7.987561666666667115e+00	5.244922341696535151e-01	4.863728610138589592e-01
8.063095000000000567e+00	5.256869772998804535e-01	4.863729574762126195e-01
8.406832222222222484e+00	5.268817204301075030e-01	4.863732714770654941e-01
8.721973333333332690e+00	5.280764635603344415e-01	4.863734380502912069e-01
8.827116666666666944e+00	5.292712066905614909e-01	4.863734770097363214e-01
8.833543611111110749e+00	5.304659498207885404e-01	4.863734791811555325e-01
9.088001666666666978e+00	5.316606929510154789e-01	4.863735492737550903e-01
9.807664722222222409e+00	5.328554360812425283e-01	4.863736468642433364e-01
1.039518583333333446e+01	5.340501792114694668e-01	4.863736827683556307e-01
1.045595277777777810e+01	5.352449223416965163e-01	4.863736858790711493e-01
1.046238416666666637e+01	5.364396654719234547e-01	4.863736862072309819e-01
1.086788499999999935e+01	5.376344086021505042e-01	4.863737077827068878e-01
1.100479249999999887e+01	5.388291517323775537e-01	4.863737161121622909e-01
1.106793638888889042e+01	5.400238948626044921e-01	4.863737202554350714e-01
1.131447861111111131e+01	5.412186379928315416e-01	4.863737388546162110e-01
1.175567555555555543e+01	5.424133811230584801e-01	4.863737864907919928e-01
1.193428055555555645e+01	5.436081242532855295e-01	4.863738134789882261e-01
1.198939944444444450e+01	5.448028673835124680e-01	4.863738229861470086e-01
1.213408527777777834e+01	5.459976105137395175e-01	4.863738510276736093e-01
1.363514361111111128e+01	5.471923536439665670e-01	4.863747185930558103e-01
1.363978750000000062e+01	5.483870967741935054e-01	4.863747243405558973e-01
1.365144305555555526e+01	5.495818399044205549e-01	4.863747389057825332e-01
1.390651055555555615e+01	5.507765830346474933e-01	4.863751134936032949e-01
1.395703888888888855e+01	5.519713261648745428e-01	4.863752020683608790e-01
1.396572805555555519e+01	5.531660692951014813e-01	4.863752178406232640e-01
1.402051055555555692e+01	5.543608124253285308e-01	4.863753210995548915e-01
1.413671861111111028e+01	5.555555555555554692e-01	4.863755635867734739e-01
1.418118305555555558e+01	5.567502986857825187e-01	4.863756655459969269e-01
1.472361694444444424e+01	5.579450418160095682e-01	4.863774554050190879e-01
1.493330916666666752e+01	5.591397849462365066e-01	4.863785192138218028e-01
1.525172722222222177e+01	5.603345280764635561e-01	4.863807339818176367e-01
1.552327416666666515e+01	5.615292712066904945e-01	4.863834067339342093e-01
1.560153222222222347e+01	5.627240143369175440e-01	4.863843502535983299e-01
1.560237194444444420e+01	5.639187574671444825e-01	4.863843608586325695e-01
1.564709277777777707e+01	5.651135005973715320e-01	4.863849411354154717e-01
1.576303249999999956e+01	5.663082437275985814e-01	4.863865965196672025e-01
1.647108083333333539e+01	5.675029868578255199e-01	4.864035231534938886e-01
1.647140222222222405e+01	5.686977299880525694e-01	4.864035344986787357e-01
1.658827277777777809e+01	5.698924731182795078e-01	4.864079595877160989e-01
1.685199888888888964e+01	5.710872162485065573e-01	4.864205056172271058e-01
1.703484555555555602e+01	5.722819593787334957e-01	4.864318085538823500e-01
1.714073861111111086e+01	5.734767025089605452e-01	4.864395629468913906e-01
1.723063138888888801e+01	5.746714456391875947e-01	4.864469521335773039e-01
1.755660027777777898e+01	5.758661887694145332e-01	4.864814114679177348e-01
1.781714138888888854e+01	5.770609318996415826e-01	4.865202830941345313e-01
1.809844000000000008e+01	5.782556750298685211e-01	4.865781370472517797e-01
1.819492361111111123e+01	5.794504181600955706e-01	4.866028460487398233e-01
1.851337361111111335e+01	5.806451612903225090e-01	4.867076337070623260e-01
1.854814638888889178e+01	5.818399044205495585e-01	4.867216512216481772e-01
1.856993222222222073e+01	5.830346475507764969e-01	4.867307317148815149e-01
1.879954194444444227e+01	5.842293906810035464e-01	4.868421088140062469e-01
1.881576083333333216e+01	5.854241338112305959e-01	4.868511790850676979e-01
1.905916222222221990e+01	5.866188769414575344e-01	4.870104273057700439e-01
1.921463888888888860e+01	5.878136200716845838e-01	4.871389405272126827e-01
2.044742361111111251e+01	5.890083632019115223e-01	4.896612949780635993e-01
2.059839944444444271e+01	5.902031063321385718e-01	4.903038503292916905e-01
2.145175472222222268e+01	5.913978494623655102e-01	4.971540466010159198e-01
2.157897694444444170e+01	5.925925925925925597e-01	4.989041028711564407e-01
2.174423611111111043e+01	5.937873357228196092e-01	5.016082767358568395e-01
2.194122111111110840e+01	5.949820788530465476e-01	5.056040791913730681e-01
2.210784722222222243e+01	5.961768219832735971e-01	5.097919866344766682e-01
2.246379666666666708e+01	5.973715651135005356e-01	5.220471631178200678e-01
2.306087277777777800e+01	5.985663082437275850e-01	5.586441416121722403e-01
2.377938722222221912e+01	5.997610513739545235e-01	6.553936844141325935e-01
2.401731111111111261e+01	6.009557945041815730e-01	7.103069815223106431e-01
2.401814999999999856e+01	6.021505376344085114e-01	7.105292195321928350e-01
2.401855194444444308e+01	6.033452807646355609e-01	7.106357805880656464e-01
2.401885250000000127e+01	6.045400238948626104e-01	7.107154951418965805e-01
2.402201194444444354e+01	6.057347670250895488e-01	7.115551721014385933e-01
2.402295111111110870e+01	6.069295101553165983e-01	7.118053772999484163e-01
2.402439277777777704e+01	6.081242532855435368e-01	7.121899955241550728e-01
2.402479749999999825e+01	6.093189964157705862e-01	7.122980881557106070e-01
2.402544361111111115e+01	6.105137395459975247e-01	7.124707578305718991e-01
2.402634166666666715e+01	6.117084826762245742e-01	7.127109774981651436e-01
2.402730111111111100e+01	6.129032258064516236e-01	7.129678999940167738e-01
2.402822861111111408e+01	6.140979689366785621e-01	7.132165455582533120e-01
2.402983555555555384e+01	6.152927120669056116e-01	7.136479836215944283e-01
2.403012916666666499e+01	6.164874551971325500e-01	7.137269019745574594e-01
2.403042777777777772e+01	6.176821983273595995e-01	7.138071923615620928e-01
2.403058083333333173e+01	6.188769414575865380e-01	7.138483568436705395e-01
2.403065805555555556e+01	6.200716845878135874e-01	7.138691286841922778e-01
2.403110833333333574e+01	6.212664277180406369e-01	7.139902857219587728e-01
2.403129694444444198e+01	6.224611708482675754e-01	7.140410548197073659e-01
2.403223166666666799e+01	6.236559139784946248e-01	7.142928243631635477e-01
2.403231277777777919e+01	6.248506571087215633e-01	7.143146849483164029e-01
2.403232055555555746e+01	6.260454002389486128e-01	7.143167812789753546e-01
2.403342833333333317e+01	6.272401433691755512e-01	7.146155556699256284e-01
2.403402388888888908e+01	6.284348864994026007e-01	7.147763424483841721e-01
2.403414555555555410e+01	6.296296296296295392e-01	7.148092036781069636e-01
2.403423833333333448e+01	6.308243727598565886e-01	7.148342654186310430e-01
2.403431055555555318e+01	6.320191158900836381e-01	7.148537764611934131e-01
2.403537888888888929e+01	6.332138590203105766e-01	7.151425845087758804e-01
2.403573861111111043e+01	6.344086021505376261e-01	7.152399122012190746e-01
2.403672555555555590e+01	6.356033452807645645e-01	7.155071560161291311e-01
2.403768250000000251e+01	6.367980884109916140e-01	7.157665744305786726e-01
2.403810027777777591e+01	6.379928315412185524e-01	7.158799220415760223e-01
2.403832666666666640e+01	6.391875746714456019e-01	7.159413671817345115e-01
2.403995722222222398e+01	6.403823178016726514e-01	7.163844091768527544e-01
2.404012611111111042e+01	6.415770609318995898e-01	7.164303472037951703e-01
2.404085305555555507e+01	6.427718040621266393e-01	7.166281819234491257e-01
2.404088305555555749e+01	6.439665471923535778e-01	7.166363499452360619e-01
2.404171611111111062e+01	6.451612903225806273e-01	7.168632795814099401e-01
2.404343833333333080e+01	6.463560334528075657e-01	7.173331332275222350e-01
2.404378833333333532e+01	6.475507765830346152e-01	7.174287366538213417e-01
2.404510888888889042e+01	6.487455197132615536e-01	7.177898063735675960e-01
2.404532805555555441e+01	6.499402628434886031e-01	7.178497860608308301e-01
2.404559500000000227e+01	6.511350059737156526e-01	7.179228621669646593e-01
2.404623861111111083e+01	6.523297491039425910e-01	7.180991457424523716e-01
2.404662194444444623e+01	6.535244922341696405e-01	7.182042036093824189e-01
2.404797388888889031e+01	6.547192353643965790e-01	7.185751032717139219e-01
2.404839055555555660e+01	6.559139784946236285e-01	7.186895334104654864e-01
2.404877194444444299e+01	6.571087216248505669e-01	7.187943245622775423e-01
2.404878583333333353e+01	6.583034647550776164e-01	7.187981415922528594e-01
2.404959333333333049e+01	6.594982078853046659e-01	7.190201715199299182e-01
2.405199416666666679e+01	6.606929510155316043e-01	7.196815573901903518e-01
2.405310166666666660e+01	6.618876941457586538e-01	7.199872868816967753e-01
2.405511277777777934e+01	6.630824372759855923e-01	7.205434862391754125e-01
2.405612888888888889e+01	6.642771804062126417e-01	7.208250085529399609e-01
2.405776333333333383e+01	6.654719235364395802e-01	7.212785556533575226e-01
2.405782194444444499e+01	6.666666666666666297e-01	7.212948361194536639e-01
2.406077694444444504e+01	6.678614097968936791e-01	7.221171135545695341e-01
2.406300194444444429e+01	6.690561529271206176e-01	7.227381553724574470e-01
2.406476833333333332e+01	6.702508960573476671e-01	7.232323544744428956e-01
2.406478638888888710e+01	6.714456391875746055e-01	7.232374113770055901e-01
2.406531722222222314e+01	6.726403823178016550e-01	7.233861325691709476e-01
2.406569722222221941e+01	6.738351254480285935e-01	7.234926528086553787e-01
2.406664305555555217e+01	6.750298685782556429e-01	7.237579933423162748e-01
2.406680444444444333e+01	6.762246117084825814e-01	7.238032984208152554e-01
2.406685888888888769e+01	6.774193548387096309e-01	7.238185840121300618e-01
2.406703222222222394e+01	6.786140979689366803e-01	7.238672548976606835e-01
2.406830055555555603e+01	6.798088410991636188e-01	7.242236984584039527e-01
2.406885611111110990e+01	6.810035842293906683e-01	7.243799963566509570e-01
2.406994750000000138e+01	6.821983273596176067e-01	7.246873427135033241e-01
2.407089944444444285e+01	6.833930704898446562e-01	7.249557441231162525e-01
2.407263944444444093e+01	6.845878136200715947e-01	7.254471198338973137e-01
2.407295027777777818e+01	6.857825567502986441e-01	7.255350055971000467e-01
2.407469194444444582e+01	6.869772998805256936e-01	7.260280466307170721e-01
2.407614555555555569e+01	6.881720430107526321e-01	7.264403213152648142e-01
2.407724555555555668e+01	6.893667861409796815e-01	7.267527758066026911e-01
2.407917583333333056e+01	6.905615292712066200e-01	7.273020535822433130e-01
2.407942277777777917e+01	6.917562724014336695e-01	7.273724143251276697e-01
2.408067083333333258e+01	6.929510155316606079e-01	7.277283315232139227e-01
2.408116527777777804e+01	6.941457586618876574e-01	7.278694812154549165e-01
2.408173999999999992e+01	6.953405017921147069e-01	7.280336516506999978e-01
2.408182944444444473e+01	6.965352449223416453e-01	7.280592116511148681e-01
2.408595777777777869e+01	6.977299880525686948e-01	7.292418872765558113e-01
2.408771666666666533e+01	6.989247311827956333e-01	7.297475262828462261e-01
2.408834027777777465e+01	7.001194743130226827e-01	7.299270524174163999e-01
2.408876444444444331e+01	7.013142174432496212e-01	7.300492378408159899e-01
2.408931194444444301e+01	7.025089605734766707e-01	7.302070412848388203e-01
2.409072277777777771e+01	7.037037037037036091e-01	7.306141505048170393e-01
2.409078722222222169e+01	7.048984468339306586e-01	7.306327627797079005e-01
2.409105499999999722e+01	7.060931899641577081e-01	7.307101151830107666e-01
2.409125194444444418e+01	7.072879330943846465e-01	7.307670217433573923e-01
2.409236611111111159e+01	7.084826762246116960e-01	7.310892068340326677e-01
2.409354388888888820e+01	7.096774193548386345e-01	7.314302482528171057e-01
2.409575027777777834e+01	7.108721624850656839e-01	7.320704175664745073e-01
2.409620166666666563e+01	7.120669056152926224e-01	7.322015910218460100e-01
2.410034861111111226e+01	7.132616487455196719e-01	7.334099735241170759e-01
2.410197722222222438e+01	7.144563918757467214e-01	7.338861590503001908e-01
2.410361694444444325e+01	7.156511350059736598e-01	7.343665206373288790e-01
2.410445277777777662e+01	7.168458781362007093e-01	7.346117391526510998e-01
2.410459305555555787e+01	7.180406212664276477e-01	7.346529178934328996e-01
2.410609861111111130e+01	7.192353643966546972e-01	7.350953061786901221e-01
2.410950166666666661e+01	7.204301075268816357e-01	7.360981572933642525e-01
2.411043611111111318e+01	7.216248506571086851e-01	7.363742369153846168e-01
2.411100222222222200e+01	7.228195937873356236e-01	7.365416416816591427e-01
2.411101277777777696e+01	7.240143369175626731e-01	7.365447641302370618e-01
2.411479805555555700e+01	7.252090800477897226e-01	7.376670072462246930e-01
2.411574083333333363e+01	7.264038231780166610e-01	7.379473002040048968e-01
2.411611027777777849e+01	7.275985663082437105e-01	7.380572232873416905e-01
2.411913388888888932e+01	7.287933094384706489e-01	7.389586639333678431e-01
2.411922750000000093e+01	7.299880525686976984e-01	7.389866240361373517e-01
2.411990416666666803e+01	7.311827956989246369e-01	7.391888253333218639e-01
2.412037277777777788e+01	7.323775388291516864e-01	7.393289503883269109e-01
2.412046944444444563e+01	7.335722819593787358e-01	7.393578655147252654e-01
2.412129305555555447e+01	7.347670250896056743e-01	7.396043598027917110e-01
2.412185361111110993e+01	7.359617682198327238e-01	7.397722629045297982e-01
2.412201611111111177e+01	7.371565113500596622e-01	7.398209573103257108e-01
2.412238444444444596e+01	7.383512544802867117e-01	7.399313659426812739e-01
2.412444499999999792e+01	7.395459976105136501e-01	7.405499092189440358e-01
2.412472916666666478e+01	7.407407407407406996e-01	7.406353294673256871e-01
2.412609166666666383e+01	7.419354838709677491e-01	7.410452947281679359e-01
2.412700666666666649e+01	7.431302270011946876e-01	7.413209817963333226e-01
2.412808444444444689e+01	7.443249701314217370e-01	7.416460961975596122e-01
2.412810277777777657e+01	7.455197132616486755e-01	7.416516300787358018e-01
2.413004972222222477e+01	7.467144563918757250e-01	7.422399948520691515e-01
2.413038555555555575e+01	7.479091995221026634e-01	7.423416204106347838e-01
2.413118611111111278e+01	7.491039426523297129e-01	7.425840370455675243e-01
2.413314305555555705e+01	7.502986857825566513e-01	7.431775873699612012e-01
2.413471694444444537e+01	7.514934289127837008e-01	7.436559526777455353e-01
2.414051027777777847e+01	7.526881720430107503e-01	7.454244587194447380e-01
2.414630388888889101e+01	7.538829151732376888e-01	7.472052067836169043e-01
2.414668972222222010e+01	7.550776583034647382e-01	7.473242319230193331e-01
2.414860694444444533e+01	7.562724014336916767e-01	7.479164788813811304e-01
2.416547416666666592e+01	7.574671445639187262e-01	7.531851880390649789e-01
2.416804527777777878e+01	7.586618876941456646e-01	7.539975798498657067e-01
2.416863305555555641e+01	7.598566308243727141e-01	7.541836466053388754e-01
2.417356305555555807e+01	7.610513739545997636e-01	7.557493875698945152e-01
2.417620805555555563e+01	7.622461170848267020e-01	7.565931947577442251e-01
2.417848916666666881e+01	7.634408602150537515e-01	7.573230366479993814e-01
2.417982722222222236e+01	7.646356033452806900e-01	7.577520646882573985e-01
2.418051166666666774e+01	7.658303464755077394e-01	7.579717843928557297e-01
2.418199000000000254e+01	7.670250896057346779e-01	7.584469648161416000e-01
2.418224027777777962e+01	7.682198327359617274e-01	7.585274938061451477e-01
2.418264916666666409e+01	7.694145758661887768e-01	7.586591085443094018e-01
2.418504361111111223e+01	7.706093189964157153e-01	7.594311203040384761e-01
2.418591611111110851e+01	7.718040621266427648e-01	7.597129737145318362e-01
2.418637611111110886e+01	7.729988052568697032e-01	7.598616897551667693e-01
2.418699333333333357e+01	7.741935483870967527e-01	7.600613621986930246e-01
2.418768888888888569e+01	7.753882915173236912e-01	7.602865503208261488e-01
2.418796222222222170e+01	7.765830346475507406e-01	7.603750934810815654e-01
2.419009972222222160e+01	7.777777777777776791e-01	7.610684996055775420e-01
2.419169249999999849e+01	7.789725209080047286e-01	7.615863382859124897e-01
2.419214222222222332e+01	7.801672640382317780e-01	7.617327271459207738e-01
2.419245333333333292e+01	7.813620071684587165e-01	7.618340423339127199e-01
2.419321000000000055e+01	7.825567502986857660e-01	7.620806109593554201e-01
2.419357083333333236e+01	7.837514934289127044e-01	7.621982704013741117e-01
2.419395138888889107e+01	7.849462365591397539e-01	7.623224152098758699e-01
2.419502333333333510e+01	7.861409796893666924e-01	7.626724053014672933e-01
2.419526583333333036e+01	7.873357228195937418e-01	7.627516431525342977e-01
2.419600611111111022e+01	7.885304659498207913e-01	7.629936724905389545e-01
2.419609444444444435e+01	7.897252090800477298e-01	7.630225666897946235e-01
2.419681500000000085e+01	7.909199522102747792e-01	7.632583761486265717e-01
2.419776444444444508e+01	7.921146953405017177e-01	7.635693988676692801e-01
2.419852638888889018e+01	7.933094384707287672e-01	7.638192522758442404e-01
2.419904138888889022e+01	7.945041816009557056e-01	7.639882563076825228e-01
2.419921027777778022e+01	7.956989247311827551e-01	7.640437018335665131e-01
2.419997888888888937e+01	7.968936678614096936e-01	7.642961735992346295e-01
2.420006999999999664e+01	7.980884109916367430e-01	7.643261168007322581e-01
2.420131111111111011e+01	7.992831541218637925e-01	7.647343230593408592e-01
2.420350000000000179e+01	8.004778972520907310e-01	7.654557186687774850e-01
2.420581111111111028e+01	8.016726403823177804e-01	7.662194244099420626e-01
2.420727055555555651e+01	8.028673835125447189e-01	7.667027734486597801e-01
2.420954638888888866e+01	8.040621266427717684e-01	7.674581663643678109e-01
2.420999972222222141e+01	8.052568697729987068e-01	7.676088793707085411e-01
2.421130916666666621e+01	8.064516129032257563e-01	7.680446649078654930e-01
2.421157249999999905e+01	8.076463560334528058e-01	7.681323842494033327e-01
2.421271972222222146e+01	8.088410991636797442e-01	7.685148559340289065e-01
2.421273277777777722e+01	8.100358422939067937e-01	7.685192115038427252e-01
2.421552416666666829e+01	8.112305854241337322e-01	7.694520151715136258e-01
2.421618555555555474e+01	8.124253285543607817e-01	7.696734842798326204e-01
2.421916638888888684e+01	8.136200716845877201e-01	7.706737821907229113e-01
2.421982750000000095e+01	8.148148148148147696e-01	7.708961137072848357e-01
2.421985916666666583e+01	8.160095579450418191e-01	7.709067675625866922e-01
2.422253916666666740e+01	8.172043010752687575e-01	7.718098672199642518e-01
2.422333166666666671e+01	8.183990442054958070e-01	7.720774706042367042e-01
2.422393277777777598e+01	8.195937873357227454e-01	7.722806150294214689e-01
2.422480611111111060e+01	8.207885304659497949e-01	7.725760138683441802e-01
2.422539027777777676e+01	8.219832735961767334e-01	7.727737744551754773e-01
2.422579305555555607e+01	8.231780167264037829e-01	7.729102082248666683e-01
2.422677972222222564e+01	8.243727598566307213e-01	7.732446985907913684e-01
2.422893833333333191e+01	8.255675029868577708e-01	7.739778526657747904e-01
2.422954222222222143e+01	8.267622461170848203e-01	7.741832936492500927e-01
2.423057944444444445e+01	8.279569892473117587e-01	7.745364957317232291e-01
2.423206444444444330e+01	8.291517323775388082e-01	7.750429328637695736e-01
2.423216749999999919e+01	8.303464755077657466e-01	7.750781114349308831e-01
2.423223277777777795e+01	8.315412186379927961e-01	7.751003965751120939e-01
2.423548999999999864e+01	8.327359617682197346e-01	7.762145647895405398e-01
2.423599000000000103e+01	8.339307048984467841e-01	7.763859754534455648e-01
2.423609361111111227e+01	8.351254480286738335e-01	7.764215082298687731e-01
2.423674055555555640e+01	8.363201911589007720e-01	7.766434722213515496e-01
2.423784694444444199e+01	8.375149342891278215e-01	7.770234634370092319e-01
2.423824749999999995e+01	8.387096774193547599e-01	7.771611575628275537e-01
2.423881944444444514e+01	8.399044205495818094e-01	7.773578810465494593e-01
2.424004194444444238e+01	8.410991636798087479e-01	7.777788131085229262e-01
2.424089000000000027e+01	8.422939068100357973e-01	7.780711738583071524e-01
2.424155805555555432e+01	8.434886499402628468e-01	7.783016874933098572e-01
2.424171999999999727e+01	8.446833930704897853e-01	7.783575941081943839e-01
2.424331888888888997e+01	8.458781362007168347e-01	7.789101390529110658e-01
2.424391194444444508e+01	8.470728793309437732e-01	7.791153532773175128e-01
2.424519833333333452e+01	8.482676224611708227e-01	7.795609756316741468e-01
2.424824833333333274e+01	8.494623655913977611e-01	7.806202492348530697e-01
2.424876555555555413e+01	8.506571087216248106e-01	7.808002611249867941e-01
2.425115638888888725e+01	8.518518518518517491e-01	7.816337890229767549e-01
2.425564444444444590e+01	8.530465949820787985e-01	7.832048595379139666e-01
2.425790916666666774e+01	8.542413381123058480e-01	7.840008097186481617e-01
2.426230138888888987e+01	8.554360812425327865e-01	7.855505712301492638e-01
2.426323361111111154e+01	8.566308243727598359e-01	7.858805353191754550e-01
2.426829277777778060e+01	8.578255675029867744e-01	7.876776062154010605e-01
2.427007111111111115e+01	8.590203106332138239e-01	7.883118474139706455e-01
2.427180749999999776e+01	8.602150537634407623e-01	7.889324173451301991e-01
2.427350111111111275e+01	8.614097968936678118e-01	7.895389275625632752e-01
2.428264361111111214e+01	8.626045400238948613e-01	7.928340667310140866e-01
2.428600555555555474e+01	8.637992831541217997e-01	7.940547646022120265e-01
2.429629611111111132e+01	8.649940262843488492e-01	7.978214932913068047e-01
2.429934861111111033e+01	8.661887694145757877e-01	7.989476653903306858e-01
2.430388611111111175e+01	8.673835125448028371e-01	8.006292350107506728e-01
2.430577861111111204e+01	8.685782556750297756e-01	8.013332544726723405e-01
2.431206472222222459e+01	8.697729988052568251e-01	8.036830588683494536e-01
2.431226472222222412e+01	8.709677419354837635e-01	8.037581077206917834e-01
2.431230833333333408e+01	8.721624850657108130e-01	8.037744748970082620e-01
2.431254611111111075e+01	8.733572281959378625e-01	8.038637273426231244e-01
2.431561694444444655e+01	8.745519713261648009e-01	8.050186552526776840e-01
2.431679111111111169e+01	8.757467144563918504e-01	8.054613640345036352e-01
2.431756111111111096e+01	8.769414575866187889e-01	8.057520193616839466e-01
2.432101972222222130e+01	8.781362007168458383e-01	8.070608255418122434e-01
2.432302138888888621e+01	8.793309438470727768e-01	8.078207442967600960e-01
2.432479166666666615e+01	8.805256869772998263e-01	8.084943182753454582e-01
2.432866999999999891e+01	8.817204301075268758e-01	8.099749248637201360e-01
2.433290722222222158e+01	8.829151732377538142e-01	8.116003225679915278e-01
2.435480888888888984e+01	8.841099163679808637e-01	8.201328712124644760e-01
2.435797138888888824e+01	8.853046594982078021e-01	8.213832909901842561e-01
2.435806722222222120e+01	8.864994026284348516e-01	8.214212555408592076e-01
2.436156055555555611e+01	8.876941457586617901e-01	8.228080866499071222e-01
2.439203000000000188e+01	8.888888888888888395e-01	8.351502611054358871e-01
2.439709361111111008e+01	8.900836320191158890e-01	8.372447991748439566e-01
2.439808055555555555e+01	8.912783751493428275e-01	8.376545063422444759e-01
2.440035583333333236e+01	8.924731182795698770e-01	8.386008590029563337e-01
2.440241444444444241e+01	8.936678614097968154e-01	8.394592905267577176e-01
2.440455611111111267e+01	8.948626045400238649e-01	8.403545763577986438e-01
2.440457083333333443e+01	8.960573476702508033e-01	8.403607385717063449e-01
2.440664611111111171e+01	8.972520908004778528e-01	8.412304524140011841e-01
2.440674277777777945e+01	8.984468339307047913e-01	8.412710158240971348e-01
2.441062083333333277e+01	8.996415770609318407e-01	8.429021612671969699e-01
2.441103277777777691e+01	9.008363201911588902e-01	8.430758687201690416e-01
2.441399888888888725e+01	9.020310633213858287e-01	8.443291103109208384e-01
2.441457805555555538e+01	9.032258064516128782e-01	8.445743332128574643e-01
2.441508083333333090e+01	9.044205495818398166e-01	8.447873487812629367e-01
2.441555555555555657e+01	9.056152927120668661e-01	8.449885941150472313e-01
2.441564500000000137e+01	9.068100358422938045e-01	8.450265242580839997e-01
2.441983916666666588e+01	9.080047789725208540e-01	8.468096300709381241e-01
2.443183388888888885e+01	9.091995221027479035e-01	8.519581398853722787e-01
2.443457388888888815e+01	9.103942652329748420e-01	8.531445144000201486e-01
2.443625444444444383e+01	9.115890083632018914e-01	8.538740710841223880e-01
2.445688249999999897e+01	9.127837514934288299e-01	8.629481635715310350e-01
2.446876722222222256e+01	9.139784946236558794e-01	8.682775211769777624e-01
2.447049805555555579e+01	9.151732377538828178e-01	8.690599296846848176e-01
2.447370527777777838e+01	9.163679808841098673e-01	8.705139667097889777e-01
2.447898666666666756e+01	9.175627240143369168e-01	8.729204041479287079e-01
2.451174777777777791e+01	9.187574671445638552e-01	8.881883089558573197e-01
2.451844083333333302e+01	9.199522102747909047e-01	8.913809466619352362e-01
2.451896194444444532e+01	9.211469534050178432e-01	8.916305823966225175e-01
2.451959611111111315e+01	9.223416965352448926e-01	8.919345844156828518e-01
2.452060638888888988e+01	9.235364396654718311e-01	8.924193548305608958e-01
2.452172361111110988e+01	9.247311827956988806e-01	8.929561160658375796e-01
2.452358000000000260e+01	9.259259259259258190e-01	8.938495740011352941e-01
2.452930694444444626e+01	9.271206690561528685e-01	8.966182745684598832e-01
2.453258916666666423e+01	9.283154121863799180e-01	8.982135426409172396e-01
2.453300277777777794e+01	9.295101553166068564e-01	8.984150108739344942e-01
2.456228944444444551e+01	9.307048984468339059e-01	9.129338529850451467e-01
2.456340333333332993e+01	9.318996415770608444e-01	9.134960493183776897e-01
2.456616416666666680e+01	9.330943847072878938e-01	9.148926793530337553e-01
2.456820166666666694e+01	9.342891278375148323e-01	9.159263228015015468e-01
2.456917111111111041e+01	9.354838709677418818e-01	9.164190063478818704e-01
2.457415388888888685e+01	9.366786140979689312e-01	9.189602457018362092e-01
2.458037861111111155e+01	9.378733572281958697e-01	9.221559903014818760e-01
2.458603166666666695e+01	9.390681003584229192e-01	9.250786951170210104e-01
2.458885388888888812e+01	9.402628434886498576e-01	9.265451491283491769e-01
2.458895333333333610e+01	9.414575866188769071e-01	9.265969107345171096e-01
2.459012055555555420e+01	9.426523297491038456e-01	9.272049141711882214e-01
2.459217333333333144e+01	9.438470728793308950e-01	9.282762392625385495e-01
2.459220333333333386e+01	9.450418160095578335e-01	9.282919152630665360e-01
2.459261500000000211e+01	9.462365591397848830e-01	9.285070810052615808e-01
2.459420277777777741e+01	9.474313022700119324e-01	9.293379462394480983e-01
2.459546027777777866e+01	9.486260454002388709e-01	9.299970888727187024e-01
2.459927111111111131e+01	9.498207885304659204e-01	9.320006059896305262e-01
2.461577388888888862e+01	9.510155316606928588e-01	9.407817779130117630e-01
2.461711277777777696e+01	9.522102747909199083e-01	9.415017476111211536e-01
2.461734638888889037e+01	9.534050179211468468e-01	9.416274857110525920e-01
2.462413666666666856e+01	9.545997610513738962e-01	9.452974816693670013e-01
2.462556888888888906e+01	9.557945041816009457e-01	9.460753365486082034e-01
2.462628861111111078e+01	9.569892473118278842e-01	9.464667228197259918e-01
2.462809250000000105e+01	9.581839904420549336e-01	9.474491457725803256e-01
2.464309222222222218e+01	9.593787335722818721e-01	9.556998706514144848e-01
2.466971444444444117e+01	9.605734767025089216e-01	9.707088945437529759e-01
2.467137777777777785e+01	9.617682198327358600e-01	9.716624199869823286e-01
2.468866749999999755e+01	9.629629629629629095e-01	9.816858177790352968e-01
2.468918999999999997e+01	9.641577060931899590e-01	9.819919289833215492e-01
2.469207222222222242e+01	9.653524492234168974e-01	9.836839073533023559e-01
2.469390833333333646e+01	9.665471923536439469e-01	9.847647878396084131e-01
2.470210277777777819e+01	9.677419354838708854e-01	9.896173972030887223e-01
2.472419805555555428e+01	9.689366786140979348e-01	1.002938594024795460e+00
2.472651305555555723e+01	9.701314217443248733e-01	1.004354551591443157e+00
2.472777777777777786e+01	9.713261648745519228e-01	1.005129751015597428e+00
2.472899750000000196e+01	9.725209080047788612e-01	1.005878467062473636e+00
2.472996805555555255e+01	9.737156511350059107e-01	1.006475006245956871e+00
2.473167805555555532e+01	9.749103942652329602e-01	1.007527702327167818e+00
2.473294222222222416e+01	9.761051373954598986e-01	1.008307307758175009e+00
2.473642472222222111e+01	9.772998805256869481e-01	1.010460985331660400e+00
2.474181749999999980e+01	9.784946236559138866e-01	1.013813582437539829e+00
2.476657888888888692e+01	9.796893667861409360e-01	1.029484741648662993e+00
2.476888833333333650e+01	9.808841099163678745e-01	1.030969887405589702e+00
2.476935833333333292e+01	9.820788530465949240e-01	1.031272629596255097e+00
2.477711222222222531e+01	9.832735961768219735e-01	1.036291520768282792e+00
2.479206138888888944e+01	9.844683393070489119e-01	1.046098576630064336e+00
2.479304944444444558e+01	9.856630824372759614e-01	1.046752895590106425e+00
2.479949138888888882e+01	9.868578255675028998e-01	1.051037728562309370e+00
2.480127861111111187e+01	9.880525686977299493e-01	1.052232287171053882e+00
2.480243722222222402e+01	9.892473118279568878e-01	1.053008039222571135e+00
2.480430916666666974e+01	9.904420549581839373e-01	1.054263653922537847e+00
2.480448138888888820e+01	9.916367980884108757e-01	1.054379312382471401e+00
2.480677444444444646e+01	9.928315412186379252e-01	1.055921495412986966e+00
2.481145194444444257e+01	9.940262843488649747e-01	1.059080318820124544e+00
2.481361000000000061e+01	9.952210274790919131e-01	1.060543603618188335e+00
2.481392805555555725e+01	9.964157706093189626e-01	1.060759579316502998e+00
2.482535500000000184e+01	9.976105137395459010e-01	1.068573176370651190e+00
2.483083111111110952e+01	9.988052568697729505e-01	1.072355256252973232e+00
2.483284305555555704e+01	1.000000000000000000e+00	1.073750970260423321e+00
