1.757361111111111276e-02	0.000000000000000000e+00	6.092891212526874156e-03
1.847083333333333563e-02	2.890173410404624135e-03	6.402966320010583523e-03
2.065222222222222112e-02	5.780346820809248269e-03	7.156438982848234431e-03
2.066194444444444459e-02	8.670520231213871970e-03	7.159795852447525810e-03
2.078249999999999889e-02	1.156069364161849654e-02	7.201420092549537522e-03
2.378250000000000156e-02	1.445086705202312111e-02	8.236668830045812406e-03
2.518777777777777768e-02	1.734104046242774394e-02	8.721234838660274491e-03
2.828638888888888869e-02	2.023121387283237024e-02	9.788857390249150470e-03
2.873194444444444537e-02	2.312138728323699308e-02	9.942278409546423390e-03
2.986833333333333354e-02	2.601156069364161591e-02	1.033347090830372128e-02
3.083388888888888638e-02	2.890173410404624221e-02	1.066573397868519901e-02
3.118361111111110986e-02	3.179190751445086505e-02	1.078605145365707507e-02
3.279750000000000026e-02	3.468208092485548788e-02	1.134109982327402566e-02
3.361611111111111050e-02	3.757225433526011071e-02	1.162251734626107424e-02
3.399361111111110639e-02	4.046242774566474049e-02	1.175226518412275656e-02
3.488694444444444265e-02	4.335260115606936332e-02	1.205923858455582032e-02
3.489055555555555660e-02	4.624277456647398615e-02	1.206047926609798981e-02
3.577611111111111269e-02	4.913294797687860899e-02	1.236468551881741984e-02
3.697305555555555762e-02	5.202312138728323182e-02	1.277571129259080784e-02
3.719305555555555559e-02	5.491329479768786159e-02	1.285123977126678696e-02
3.810305555555555668e-02	5.780346820809248443e-02	1.316359164559699479e-02
3.811805555555555086e-02	6.069364161849710726e-02	1.316873947478891527e-02
3.984750000000000097e-02	6.358381502890173009e-02	1.376208511643028931e-02
4.223472222222222211e-02	6.647398843930635293e-02	1.458051809035054713e-02
4.232999999999999957e-02	6.936416184971097576e-02	1.461316893393038718e-02
4.601805555555555510e-02	7.225433526011559859e-02	1.587620155179114700e-02
4.619055555555555415e-02	7.514450867052022143e-02	1.593523724199497060e-02
4.715083333333332932e-02	7.803468208092485814e-02	1.626381403216370369e-02
4.927833333333332677e-02	8.092485549132948097e-02	1.699138674327538290e-02
4.952916666666666579e-02	8.381502890173410381e-02	1.707713246670328200e-02
5.005194444444444751e-02	8.670520231213872664e-02	1.725581657017105641e-02
5.129666666666667096e-02	8.959537572254334947e-02	1.768112870035509765e-02
5.274611111111111167e-02	9.248554913294797231e-02	1.817616089759577225e-02
5.758833333333333859e-02	9.537572254335259514e-02	1.982812843875358944e-02
5.877083333333332771e-02	9.826589595375721797e-02	2.023112647248415108e-02
6.050666666666666693e-02	1.011560693641618408e-01	2.082240134377544294e-02
6.349111111111110928e-02	1.040462427745664636e-01	2.183815513083320337e-02
6.482361111111110963e-02	1.069364161849710865e-01	2.229133034835284466e-02
7.247361111111109977e-02	1.098265895953757232e-01	2.488898949655471426e-02
7.549861111111111356e-02	1.127167630057803460e-01	2.591426329602464218e-02
7.558277777777777651e-02	1.156069364161849689e-01	2.594277477814266319e-02
7.565111111111111342e-02	1.184971098265895917e-01	2.596592210030768122e-02
7.720888888888888246e-02	1.213872832369942145e-01	2.649345659258417474e-02
7.782250000000000278e-02	1.242774566473988374e-01	2.670117481195477538e-02
7.820249999999999424e-02	1.271676300578034602e-01	2.682978931315604942e-02
8.230694444444444646e-02	1.300578034682080830e-01	2.821789364272064837e-02
8.233250000000000290e-02	1.329479768786127059e-01	2.822653020944765334e-02
8.289055555555555066e-02	1.358381502890173287e-01	2.841510740398756063e-02
8.899361111111112055e-02	1.387283236994219515e-01	3.047505472033651408e-02
9.166138888888888947e-02	1.416184971098265744e-01	3.137412994470378802e-02
9.504499999999999060e-02	1.445086705202311972e-01	3.251325092374690584e-02
9.530694444444444413e-02	1.473988439306358200e-01	3.260138082317087793e-02
9.607611111111111213e-02	1.502890173410404429e-01	3.286011671160959935e-02
9.666833333333332834e-02	1.531791907514450657e-01	3.305928404510738439e-02
9.830555555555554881e-02	1.560693641618497163e-01	3.360967677016057920e-02
9.882361111111111207e-02	1.589595375722543391e-01	3.378376869405275151e-02
1.014224999999999988e-01	1.618497109826589619e-01	3.465664887832953234e-02
1.134300000000000030e-01	1.647398843930635848e-01	3.867934096794645171e-02
1.167030555555555460e-01	1.676300578034682076e-01	3.977295316044171525e-02
1.179988888888888893e-01	1.705202312138728304e-01	4.020558060527346100e-02
1.188397222222222216e-01	1.734104046242774533e-01	4.048619728597724343e-02
1.212163888888888874e-01	1.763005780346820761e-01	4.127893382072267414e-02
1.216288888888888836e-01	1.791907514450866989e-01	4.141645636892876681e-02
1.224213888888888851e-01	1.820809248554913218e-01	4.168061100201425617e-02
1.276694444444444465e-01	1.849710982658959446e-01	4.342804701211033791e-02
1.335244444444444456e-01	1.878612716763005674e-01	4.537381612484148175e-02
1.373052777777777622e-01	1.907514450867051903e-01	4.662818199419971332e-02
1.399533333333333185e-01	1.936416184971098131e-01	4.750574495155646115e-02
1.467241666666666555e-01	1.965317919075144359e-01	4.974592082559670114e-02
1.473527777777777770e-01	1.994219653179190588e-01	4.995363357962645523e-02
1.497344444444444478e-01	2.023121387283236816e-01	5.074019886374836474e-02
1.650452777777777769e-01	2.052023121387283044e-01	5.578120290943744397e-02
1.656797222222222143e-01	2.080924855491329273e-01	5.598951149425623885e-02
1.793008333333333260e-01	2.109826589595375501e-01	6.045069386727297545e-02
1.818375000000000130e-01	2.138728323699421729e-01	6.127917051134867954e-02
1.892250000000000043e-01	2.167630057803468235e-01	6.368777242004119987e-02
1.930191666666666861e-01	2.196531791907514464e-01	6.492240986878172748e-02
2.137269444444444555e-01	2.225433526011560692e-01	7.163217220689410691e-02
2.444905555555555721e-01	2.254335260115606920e-01	8.151144861423254007e-02
2.509388888888888780e-01	2.283236994219653149e-01	8.356886975804922457e-02
2.539969444444444280e-01	2.312138728323699377e-01	8.454296882739364971e-02
2.636027777777777970e-01	2.341040462427745605e-01	8.759603804577753561e-02
2.768186111111111125e-01	2.369942196531791834e-01	9.177985734893367997e-02
2.780986111111111159e-01	2.398843930635838062e-01	9.218405452909084197e-02
2.829336111111110941e-01	2.427745664739884290e-01	9.370922381549695590e-02
2.854866666666666664e-01	2.456647398843930519e-01	9.451353457642353018e-02
2.975927777777778171e-01	2.485549132947976747e-01	9.831771900579477919e-02
3.301502777777777786e-01	2.514450867052023253e-01	1.084693800052982660e-01
3.488972222222221919e-01	2.543352601156069204e-01	1.142628752587093732e-01
3.530699999999999950e-01	2.572254335260115710e-01	1.155472858157998717e-01
3.532491666666666141e-01	2.601156069364161660e-01	1.156023928630067754e-01
3.579555555555555824e-01	2.630057803468208166e-01	1.170487276914820018e-01
3.751569444444444734e-01	2.658959537572254117e-01	1.223148476063092849e-01
3.967227777777777575e-01	2.687861271676300623e-01	1.288727699684255601e-01
3.971255555555555650e-01	2.716763005780346574e-01	1.289947828018807030e-01
3.981097222222221843e-01	2.745664739884393080e-01	1.292928429596839068e-01
4.115588888888889185e-01	2.774566473988439030e-01	1.333557893008028294e-01
4.298988888888888860e-01	2.803468208092485536e-01	1.388657026487751800e-01
4.383313888888888954e-01	2.832369942196531487e-01	1.413873214586635063e-01
4.404000000000000137e-01	2.861271676300577993e-01	1.420047813936379244e-01
4.479491666666666760e-01	2.890173410404623944e-01	1.442543681969143954e-01
4.588327777777777561e-01	2.919075144508670450e-01	1.474872133917565220e-01
4.623747222222222009e-01	2.947976878612716400e-01	1.485366689112036509e-01
4.882372222222222113e-01	2.976878612716762906e-01	1.561605076896226407e-01
4.948933333333333517e-01	3.005780346820808857e-01	1.581115500428199594e-01
4.955427777777777765e-01	3.034682080924855363e-01	1.583016737843908617e-01
5.000249999999999417e-01	3.063583815028901314e-01	1.596126664053557631e-01
5.122688888888888847e-01	3.092485549132947820e-01	1.631834491346039195e-01
5.155141666666667177e-01	3.121387283236994326e-01	1.641273490029051541e-01
5.281130555555555439e-01	3.150289017341040276e-01	1.677816988350824268e-01
5.350472222222222296e-01	3.179190751445086782e-01	1.697861562578238948e-01
5.389874999999999527e-01	3.208092485549132733e-01	1.709230192398182302e-01
5.470724999999999616e-01	3.236994219653179239e-01	1.732508602219540172e-01
5.886333333333333417e-01	3.265895953757225190e-01	1.851143395782943735e-01
5.946375000000000410e-01	3.294797687861271696e-01	1.868140890567513424e-01
5.965941666666666476e-01	3.323699421965317646e-01	1.873672452477372907e-01
5.970869444444444341e-01	3.352601156069364152e-01	1.875064958440905150e-01
6.114247222222222167e-01	3.381502890173410103e-01	1.915476767127768376e-01
6.149963888888888563e-01	3.410404624277456609e-01	1.925512393392764254e-01
6.178138888888888847e-01	3.439306358381502560e-01	1.933420180777929431e-01
6.196080555555555369e-01	3.468208092485549066e-01	1.938451774595043586e-01
6.644302777777777447e-01	3.497109826589595016e-01	2.063138508249624525e-01
6.765808333333332980e-01	3.526011560693641522e-01	2.096605488530796091e-01
6.780888888888888522e-01	3.554913294797687473e-01	2.100749356995432748e-01
6.872916666666666341e-01	3.583815028901733979e-01	2.125989911350922856e-01
6.949244444444444557e-01	3.612716763005779930e-01	2.146863212958477485e-01
7.117058333333333708e-01	3.641618497109826436e-01	2.192560797260414418e-01
7.126677777777776779e-01	3.670520231213872386e-01	2.195172205673697752e-01
7.280613888888889385e-01	3.699421965317918892e-01	2.236842898147778369e-01
7.364977777777776957e-01	3.728323699421965398e-01	2.259585852064133205e-01
7.546680555555554948e-01	3.757225433526011349e-01	2.308343546957833947e-01
7.624849999999999683e-01	3.786127167630057855e-01	2.329224752358834971e-01
7.699427777777777537e-01	3.815028901734103806e-01	2.349093681884825147e-01
7.879502777777778189e-01	3.843930635838150311e-01	2.396857164790344719e-01
8.159827777777778346e-01	3.872832369942196262e-01	2.470618473805193949e-01
8.230052777777777662e-01	3.901734104046242768e-01	2.488984266663171185e-01
8.256205555555555797e-01	3.930635838150288719e-01	2.495812492099445112e-01
8.376352777777777980e-01	3.959537572254335225e-01	2.527102037483740515e-01
8.546488888888889024e-01	3.988439306358381176e-01	2.571186973346714089e-01
8.552508333333332935e-01	4.017341040462427681e-01	2.572741933342110876e-01
8.596036111111110545e-01	4.046242774566473632e-01	2.583976470417100879e-01
8.972736111111111468e-01	4.075144508670520138e-01	2.680495722466431641e-01
9.009174999999999267e-01	4.104046242774566089e-01	2.689765311651284296e-01
9.166002777777777499e-01	4.132947976878612595e-01	2.729526501551294837e-01
9.191424999999999734e-01	4.161849710982658546e-01	2.735951500756685917e-01
9.303686111111111323e-01	4.190751445086705052e-01	2.764255605724383891e-01
9.699066666666666947e-01	4.219653179190751002e-01	2.863066538456371379e-01
9.929133333333333145e-01	4.248554913294797508e-01	2.919941086209032477e-01
1.003219166666666551e+00	4.277456647398843459e-01	2.945270829823815051e-01
1.021501666666666752e+00	4.306358381502889965e-01	2.989982908727685240e-01
1.083529722222222214e+00	4.335260115606936471e-01	3.139579034594174312e-01
1.083725277777777718e+00	4.364161849710982422e-01	3.140045581157027144e-01
1.165607777777777798e+00	4.393063583815028927e-01	3.332634962017428926e-01
1.184833333333333183e+00	4.421965317919074878e-01	3.377064411055670234e-01
1.188655555555555576e+00	4.450867052023121384e-01	3.385862061308608784e-01
1.210001388888888973e+00	4.479768786127167335e-01	3.434779558626674945e-01
1.344794999999999963e+00	4.508670520231213841e-01	3.735434295237811675e-01
1.398626666666666463e+00	4.537572254335259792e-01	3.851621628398242958e-01
1.417713611111111272e+00	4.566473988439306297e-01	3.892298284837805156e-01
1.443251666666666599e+00	4.595375722543352248e-01	3.946302463013717787e-01
1.489383333333333281e+00	4.624277456647398754e-01	4.042647566306675211e-01
1.580300555555555597e+00	4.653179190751444705e-01	4.228060749041381294e-01
1.589833055555555541e+00	4.682080924855491211e-01	4.247163580289116114e-01
1.601669444444444590e+00	4.710982658959537162e-01	4.270795366555745209e-01
1.621105277777777909e+00	4.739884393063583667e-01	4.309389334781669190e-01
1.702736388888888897e+00	4.768786127167629618e-01	4.468666489341415193e-01
1.742403611111111195e+00	4.797687861271676124e-01	4.544447148232910738e-01
1.760650000000000048e+00	4.826589595375722075e-01	4.578955749256433672e-01
1.815776944444444263e+00	4.855491329479768581e-01	4.681894609673546981e-01
1.842997777777777957e+00	4.884393063583814532e-01	4.732001008113414509e-01
1.958209722222222338e+00	4.913294797687861037e-01	4.938901083193500963e-01
2.143041388888888843e+00	4.942196531791907543e-01	5.253985499572191298e-01
2.190738611111111123e+00	4.971098265895953494e-01	5.332060865273222650e-01
2.355573611111111187e+00	5.000000000000000000e-01	5.592121798882736528e-01
2.432985555555555290e+00	5.028901734104046506e-01	5.709204738585231809e-01
2.641268333333333551e+00	5.057803468208091902e-01	6.009014725578113447e-01
2.649954722222222170e+00	5.086705202312138407e-01	6.021052672654552129e-01
2.651339722222222139e+00	5.115606936416184913e-01	6.022968702258894025e-01
2.744834166666666686e+00	5.144508670520231419e-01	6.150199540328911141e-01
2.789631944444444400e+00	5.173410404624276815e-01	6.209711594308624516e-01
2.861539722222222082e+00	5.202312138728323321e-01	6.303320687651010612e-01
2.867723333333333180e+00	5.231213872832369827e-01	6.311261700552370790e-01
2.875617222222222047e+00	5.260115606936416333e-01	6.321374274441026175e-01
2.921714166666666834e+00	5.289017341040461728e-01	6.379876197286853401e-01
2.979945277777777957e+00	5.317919075144508234e-01	6.452449574930554377e-01
2.984963333333333413e+00	5.346820809248554740e-01	6.458635063211290994e-01
3.015693333333333115e+00	5.375722543352601246e-01	6.496279735343303274e-01
3.036401666666666888e+00	5.404624277456646642e-01	6.521421775924810538e-01
3.051936388888888629e+00	5.433526011560693147e-01	6.540164016179899065e-01
3.071559166666666396e+00	5.462427745664739653e-01	6.563694119254706028e-01
3.078121944444444313e+00	5.491329479768786159e-01	6.571527925881132104e-01
3.551094166666666663e+00	5.520231213872831555e-01	7.091520622204923185e-01
3.556251944444444479e+00	5.549132947976878061e-01	7.096732905512748157e-01
3.778121111111111485e+00	5.578034682080924567e-01	7.312321447590981460e-01
3.861030555555555299e+00	5.606936416184971073e-01	7.388709275791724984e-01
4.059638888888889241e+00	5.635838150289017578e-01	7.562982073515195358e-01
4.375784166666666586e+00	5.664739884393062974e-01	7.816716105443438645e-01
4.605000000000000426e+00	5.693641618497109480e-01	7.983998028377788936e-01
4.617990555555555154e+00	5.722543352601155986e-01	7.993085161288269180e-01
4.922063055555555344e+00	5.751445086705202492e-01	8.194473676125133554e-01
5.013968055555555914e+00	5.780346820809247887e-01	8.251268652419032623e-01
5.287422222222222246e+00	5.809248554913294393e-01	8.409907575913931899e-01
5.799809722222222241e+00	5.838150289017340899e-01	8.669439227651947188e-01
5.901548888888888733e+00	5.867052023121387405e-01	8.715693448912973373e-01
6.634814444444444348e+00	5.895953757225432801e-01	9.004775475160324838e-01
7.571264166666666462e+00	5.924855491329479307e-01	9.281402279526803634e-01
7.790651666666667197e+00	5.953757225433525813e-01	9.334188972773409532e-01
7.922010833333334112e+00	5.982658959537572319e-01	9.363920564123664469e-01
9.807664722222222409e+00	6.011560693641617714e-01	9.669847539124536429e-01
1.039518583333333446e+01	6.040462427745664220e-01	9.730859411883097110e-01
1.045595277777777810e+01	6.069364161849710726e-01	9.736487418442678621e-01
1.100479249999999887e+01	6.098265895953757232e-01	9.782275050889512880e-01
1.106793638888889042e+01	6.127167630057802628e-01	9.787004043849659718e-01
1.131447861111111131e+01	6.156069364161849133e-01	9.804505188640199043e-01
1.175567555555555543e+01	6.184971098265895639e-01	9.832312867734801509e-01
1.193428055555555645e+01	6.213872832369942145e-01	9.842411541309750156e-01
1.198939944444444450e+01	6.242774566473988651e-01	9.845403516245605502e-01
1.213408527777777834e+01	6.271676300578034047e-01	9.852989887167014071e-01
1.395703888888888855e+01	6.300578034682080553e-01	9.922013355633779730e-01
1.413671861111111028e+01	6.329479768786127059e-01	9.926737356500595633e-01
1.472361694444444424e+01	6.358381502890173564e-01	9.940263289518403989e-01
1.525172722222222177e+01	6.387283236994218960e-01	9.950285968261075586e-01
1.552327416666666515e+01	6.416184971098265466e-01	9.954765862609766813e-01
1.560237194444444420e+01	6.445086705202311972e-01	9.955993188569363106e-01
1.564709277777777707e+01	6.473988439306358478e-01	9.956672307495794128e-01
1.576303249999999956e+01	6.502890173410403873e-01	9.958384531903221593e-01
1.685199888888888964e+01	6.531791907514450379e-01	9.971503965302119799e-01
1.703484555555555602e+01	6.560693641618496885e-01	9.973259565014129802e-01
1.723063138888888801e+01	6.589595375722543391e-01	9.975019665050065543e-01
1.755660027777777898e+01	6.618497109826588787e-01	9.977696857935267616e-01
1.781714138888888854e+01	6.647398843930635293e-01	9.979628846218476790e-01
1.851337361111111335e+01	6.676300578034681799e-01	9.984009528443983372e-01
1.854814638888889178e+01	6.705202312138728304e-01	9.984201734122474248e-01
1.905916222222221990e+01	6.734104046242773700e-01	9.986773987370436423e-01
1.921463888888888860e+01	6.763005780346820206e-01	9.987470124511128589e-01
2.044742361111111251e+01	6.791907514450866712e-01	9.991838781169969375e-01
2.145175472222222268e+01	6.820809248554913218e-01	9.994244707136171746e-01
2.194122111111110840e+01	6.849710982658959724e-01	9.995145532145837119e-01
2.246379666666666708e+01	6.878612716763005119e-01	9.995952235479758086e-01
2.401731111111111261e+01	6.907514450867051625e-01	9.997641789385952604e-01
2.401814999999999856e+01	6.936416184971098131e-01	9.997642477265696881e-01
2.401855194444444308e+01	6.965317919075144637e-01	9.997642806784654557e-01
2.401885250000000127e+01	6.994219653179190033e-01	9.997643053153667525e-01
2.402439277777777704e+01	7.023121387283236539e-01	9.997647589976812466e-01
2.402634166666666715e+01	7.052023121387283044e-01	9.997649183805992212e-01
2.402983555555555384e+01	7.080924855491329550e-01	9.997652038455419055e-01
2.403042777777777772e+01	7.109826589595374946e-01	9.997652521981378326e-01
2.403110833333333574e+01	7.138728323699421452e-01	9.997653077505042063e-01
2.403342833333333317e+01	7.167630057803467958e-01	9.997654970286110609e-01
2.403402388888888908e+01	7.196531791907514464e-01	9.997655455926159895e-01
2.403423833333333448e+01	7.225433526011559859e-01	9.997655630768191859e-01
2.404378833333333532e+01	7.254335260115606365e-01	9.997663403921573932e-01
2.404559500000000227e+01	7.283236994219652871e-01	9.997664871543147092e-01
2.404959333333333049e+01	7.312138728323699377e-01	9.997668116259262883e-01
2.405199416666666679e+01	7.341040462427744773e-01	9.997670062409906855e-01
2.405310166666666660e+01	7.369942196531791279e-01	9.997670959618095710e-01
2.405776333333333383e+01	7.398843930635837784e-01	9.997674732342543003e-01
2.405782194444444499e+01	7.427745664739884290e-01	9.997674779738066064e-01
2.406077694444444504e+01	7.456647398843930796e-01	9.997677168029325268e-01
2.406478638888888710e+01	7.485549132947976192e-01	9.997680404622307782e-01
2.406531722222222314e+01	7.514450867052022698e-01	9.997680832795203809e-01
2.406569722222221941e+01	7.543352601156069204e-01	9.997681139256616722e-01
2.406664305555555217e+01	7.572254335260115710e-01	9.997681901873995969e-01
2.406680444444444333e+01	7.601156069364161105e-01	9.997682031975433370e-01
2.406685888888888769e+01	7.630057803468207611e-01	9.997682075863428830e-01
2.406703222222222394e+01	7.658959537572254117e-01	9.997682215582939236e-01
2.406830055555555603e+01	7.687861271676300623e-01	9.997683237697337910e-01
2.406885611111110990e+01	7.716763005780346019e-01	9.997683685262070963e-01
2.406994750000000138e+01	7.745664739884392525e-01	9.997684564251233530e-01
2.407917583333333056e+01	7.774566473988439030e-01	9.997691983298505614e-01
2.410197722222222438e+01	7.803468208092485536e-01	9.997710212529093976e-01
2.411100222222222200e+01	7.832369942196530932e-01	9.997717387990999738e-01
2.411479805555555700e+01	7.861271676300577438e-01	9.997720399203839925e-01
2.411922750000000093e+01	7.890173410404623944e-01	9.997723908034771290e-01
2.412037277777777788e+01	7.919075144508670450e-01	9.997724814399493454e-01
2.412201611111111177e+01	7.947976878612715845e-01	9.997726114291399790e-01
2.412810277777777657e+01	7.976878612716762351e-01	9.997730922434941991e-01
2.416863305555555641e+01	8.005780346820808857e-01	9.997762680983163230e-01
2.417356305555555807e+01	8.034682080924855363e-01	9.997766513564911861e-01
2.418051166666666774e+01	8.063583815028901869e-01	9.997771904269499021e-01
2.418224027777777962e+01	8.092485549132947265e-01	9.997773243296862455e-01
2.424089000000000027e+01	8.121387283236993770e-01	9.997818201201205124e-01
2.425564444444444590e+01	8.150289017341040276e-01	9.997829367587987015e-01
2.425790916666666774e+01	8.179190751445086782e-01	9.997831076497430969e-01
2.426230138888888987e+01	8.208092485549132178e-01	9.997834386937528572e-01
2.426323361111111154e+01	8.236994219653178684e-01	9.997835088907857104e-01
2.426829277777778060e+01	8.265895953757225190e-01	9.997838894532010690e-01
2.427180749999999776e+01	8.294797687861271696e-01	9.997841534449870560e-01
2.428264361111111214e+01	8.323699421965317091e-01	9.997849653203423337e-01
2.428600555555555474e+01	8.352601156069363597e-01	9.997852165865115381e-01
2.429629611111111132e+01	8.381502890173410103e-01	9.997859838623501805e-01
2.429934861111111033e+01	8.410404624277456609e-01	9.997862109327571023e-01
2.430388611111111175e+01	8.439306358381502005e-01	9.997865480246878045e-01
2.431206472222222459e+01	8.468208092485548510e-01	9.997871542737765127e-01
2.431226472222222412e+01	8.497109826589595016e-01	9.997871690774216002e-01
2.431561694444444655e+01	8.526011560693641522e-01	9.997874170497627055e-01
2.431756111111111096e+01	8.554913294797686918e-01	9.997875607322878055e-01
2.432101972222222130e+01	8.583815028901733424e-01	9.997878160989555063e-01
2.432302138888888621e+01	8.612716763005779930e-01	9.997879637518191087e-01
2.432479166666666615e+01	8.641618497109826436e-01	9.997880942506701674e-01
2.435480888888888984e+01	8.670520231213872941e-01	9.997902948311079285e-01
2.435797138888888824e+01	8.699421965317918337e-01	9.997905253410744875e-01
2.435806722222222120e+01	8.728323699421964843e-01	9.997905323222682217e-01
2.436156055555555611e+01	8.757225433526011349e-01	9.997907866431996471e-01
2.439203000000000188e+01	8.786127167630057855e-01	9.997929918222633328e-01
2.439709361111111008e+01	8.815028901734103250e-01	9.997933560343493786e-01
2.439808055555555555e+01	8.843930635838149756e-01	9.997934269479836766e-01
2.440455611111111267e+01	8.872832369942196262e-01	9.997938916243843677e-01
2.440664611111111171e+01	8.901734104046242768e-01	9.997940413764923040e-01
2.441399888888888725e+01	8.930635838150288164e-01	9.997945673515135079e-01
2.441508083333333090e+01	8.959537572254334670e-01	9.997946446340846283e-01
2.441564500000000137e+01	8.988439306358381176e-01	9.997946849206008624e-01
2.445688249999999897e+01	9.017341040462427681e-01	9.997976083432988936e-01
2.447898666666666756e+01	9.046242774566473077e-01	9.997991581852955223e-01
2.458037861111111155e+01	9.075144508670519583e-01	9.998061166293104041e-01
2.458603166666666695e+01	9.104046242774566089e-01	9.998064974195627341e-01
2.458885388888888812e+01	9.132947976878612595e-01	9.998066872446895736e-01
2.458895333333333610e+01	9.161849710982657990e-01	9.998066939300120914e-01
2.459220333333333386e+01	9.190751445086704496e-01	9.998069122896091621e-01
2.459261500000000211e+01	9.219653179190751002e-01	9.998069399308850969e-01
2.459420277777777741e+01	9.248554913294797508e-01	9.998070465048483069e-01
2.459546027777777866e+01	9.277456647398844014e-01	9.998071308683353919e-01
2.459927111111111131e+01	9.306358381502889410e-01	9.998073863053140720e-01
2.461577388888888862e+01	9.335260115606935916e-01	9.998084885738527383e-01
2.461711277777777696e+01	9.364161849710982422e-01	9.998085777250050876e-01
2.461734638888889037e+01	9.393063583815028927e-01	9.998085932759637195e-01
2.462413666666666856e+01	9.421965317919074323e-01	9.998090447376407619e-01
2.462556888888888906e+01	9.450867052023120829e-01	9.998091398249865369e-01
2.462809250000000105e+01	9.479768786127167335e-01	9.998093072560461092e-01
2.464309222222222218e+01	9.508670520231213841e-01	9.998102993983891684e-01
2.466971444444444117e+01	9.537572254335259236e-01	9.998120476058870443e-01
2.467137777777777785e+01	9.566473988439305742e-01	9.998121562960869957e-01
2.468918999999999997e+01	9.595375722543352248e-01	9.998133162992126621e-01
2.469207222222222242e+01	9.624277456647398754e-01	9.998135033265385108e-01
2.470210277777777819e+01	9.653179190751444150e-01	9.998141527495314484e-01
2.472419805555555428e+01	9.682080924855490656e-01	9.998155753303530346e-01
2.472651305555555723e+01	9.710982658959537162e-01	9.998157237474860626e-01
2.472777777777777786e+01	9.739884393063583667e-01	9.998158047797280901e-01
2.472899750000000196e+01	9.768786127167629063e-01	9.998158828950136634e-01
2.472996805555555255e+01	9.797687861271675569e-01	9.998159450291239647e-01
2.473167805555555532e+01	9.826589595375722075e-01	9.998160544508024605e-01
2.473294222222222416e+01	9.855491329479768581e-01	9.998161353021001174e-01
2.473642472222222111e+01	9.884393063583815087e-01	9.998163578458261203e-01
2.474181749999999980e+01	9.913294797687860482e-01	9.998167019314753157e-01
2.476657888888888692e+01	9.942196531791906988e-01	9.998182735718261771e-01
2.480448138888888820e+01	9.971098265895953494e-01	9.998206532359128484e-01
2.480677444444444646e+01	1.000000000000000000e+00	9.998207961989636905e-01
