2.653583333333333141e-02	0.000000000000000000e+00	1.197934643186293613e-03
2.984999999999999806e-02	7.462686567164178962e-03	1.347448664017480979e-03
3.453055555555555739e-02	1.492537313432835792e-02	1.558567295690482801e-03
8.495638888888890072e-02	2.238805970149253602e-02	3.830219333451401198e-03
8.867694444444444712e-02	2.985074626865671585e-02	3.997623134622152463e-03
1.377322222222222281e-01	3.731343283582089221e-02	6.202202216953667246e-03
1.391052777777777860e-01	4.477611940298507204e-02	6.263838057595449982e-03
1.475427777777777727e-01	5.223880597014925187e-02	6.642509690800713074e-03
1.623391666666666733e-01	5.970149253731343170e-02	7.306217356221389458e-03
2.733761111111110975e-01	6.716417910447761153e-02	1.227276692394363433e-02
2.787161111111111089e-01	7.462686567164178442e-02	1.251099149799816956e-02
2.878288888888888564e-01	8.208955223880597118e-02	1.291739207863840111e-02
3.053472222222222143e-01	8.955223880597014408e-02	1.369818364779618047e-02
3.081405555555555842e-01	9.701492537313433084e-02	1.382262532326228310e-02
4.950416666666667131e-01	1.044776119402985037e-01	2.211340907527503674e-02
7.806797222222222610e-01	1.119402985074626905e-01	3.464962496566292849e-02
1.044755277777777769e+00	1.194029850746268634e-01	4.609647885933954026e-02
1.052280000000000104e+00	1.268656716417910502e-01	4.642065553913332643e-02
1.065393055555555524e+00	1.343283582089552231e-01	4.698532301222457797e-02
1.108118333333333316e+00	1.417910447761193959e-01	4.882281781952868549e-02
1.175630277777777843e+00	1.492537313432835688e-01	5.171909851971345784e-02
1.469874722222222152e+00	1.567164179104477695e-01	6.423963521618247796e-02
1.641809166666666542e+00	1.641791044776119424e-01	7.147903919551223950e-02
1.795910833333333567e+00	1.716417910447761153e-01	7.791997584051957304e-02
1.960328611111111119e+00	1.791044776119402882e-01	8.474283332725862650e-02
2.109960277777777726e+00	1.865671641791044610e-01	9.090822151530320028e-02
2.234025277777777596e+00	1.940298507462686617e-01	9.598866124955063306e-02
2.430782499999999846e+00	2.014925373134328346e-01	1.039876796063678999e-01
2.536341666666666494e+00	2.089552238805970075e-01	1.082498969413495660e-01
2.699910000000000032e+00	2.164179104477611804e-01	1.148143663786239665e-01
2.753775555555555865e+00	2.238805970149253810e-01	1.169655520864255616e-01
2.988395555555555472e+00	2.313432835820895539e-01	1.262745734083488003e-01
3.057860000000000245e+00	2.388059701492537268e-01	1.290118394508551480e-01
3.310624166666666479e+00	2.462686567164178997e-01	1.388999078139712129e-01
3.336575555555555628e+00	2.537313432835821003e-01	1.399087433383057189e-01
3.501595277777777682e+00	2.611940298507462455e-01	1.462961328349178247e-01
3.634924166666666956e+00	2.686567164179104461e-01	1.514222086264008782e-01
1.046238416666666637e+01	2.761194029850746468e-01	3.766189970502553663e-01
1.086788499999999935e+01	2.835820895522387919e-01	3.879334762729610420e-01
1.363514361111111128e+01	2.910447761194029925e-01	4.598532487046956829e-01
1.365144305555555526e+01	2.985074626865671377e-01	4.602507928431119888e-01
1.390651055555555615e+01	3.059701492537313383e-01	4.664339216208281957e-01
1.402051055555555692e+01	3.134328358208955390e-01	4.691744606634721260e-01
1.418118305555555558e+01	3.208955223880596841e-01	4.730131146313528712e-01
1.560153222222222347e+01	3.283582089552238847e-01	5.057621244632670710e-01
1.714073861111111086e+01	3.358208955223880299e-01	5.389579344289661123e-01
2.306087277777777800e+01	3.432835820895522305e-01	6.471403718178365683e-01
2.402201194444444354e+01	3.507462686567164312e-01	6.621322279348015316e-01
2.402295111111110870e+01	3.582089552238805763e-01	6.621465610594527984e-01
2.402479749999999825e+01	3.656716417910447769e-01	6.621747380147535722e-01
2.402544361111111115e+01	3.731343283582089221e-01	6.621845974864850604e-01
2.402730111111111100e+01	3.805970149253731227e-01	6.622129408052872535e-01
2.402822861111111408e+01	3.880597014925373234e-01	6.622270925009392517e-01
2.403012916666666499e+01	3.955223880597014685e-01	6.622560891218710610e-01
2.403065805555555556e+01	4.029850746268656692e-01	6.622641578937147333e-01
2.403223166666666799e+01	4.104477611940298698e-01	6.622881638926555459e-01
2.403231277777777919e+01	4.179104477611940149e-01	6.622894012253510709e-01
2.403232055555555746e+01	4.253731343283582156e-01	6.622895198734535249e-01
2.403414555555555410e+01	4.328358208955223607e-01	6.623173586508280808e-01
2.403431055555555318e+01	4.402985074626865614e-01	6.623198754682629863e-01
2.403537888888888929e+01	4.477611940298507620e-01	6.623361707716755031e-01
2.403573861111111043e+01	4.552238805970149071e-01	6.623416574428411252e-01
2.403810027777777591e+01	4.626865671641791078e-01	6.623776766020724738e-01
2.403832666666666640e+01	4.701492537313432529e-01	6.623811291895690401e-01
2.403995722222222398e+01	4.776119402985074536e-01	6.624059952492504788e-01
2.404085305555555507e+01	4.850746268656716542e-01	6.624196559761302838e-01
2.404088305555555749e+01	4.925373134328357994e-01	6.624201134420691917e-01
2.404171611111111062e+01	5.000000000000000000e-01	6.624328163458499397e-01
2.404343833333333080e+01	5.074626865671642006e-01	6.624590762519111387e-01
2.404510888888889042e+01	5.149253731343284013e-01	6.624845464089945679e-01
2.406300194444444429e+01	5.223880597014924909e-01	6.627572327141451058e-01
2.406476833333333332e+01	5.298507462686566916e-01	6.627841401488057116e-01
2.407089944444444285e+01	5.373134328358208922e-01	6.628775188208113622e-01
2.407263944444444093e+01	5.447761194029850929e-01	6.629040148349949479e-01
2.407295027777777818e+01	5.522388059701492935e-01	6.629087478596717986e-01
2.407469194444444582e+01	5.597014925373133831e-01	6.629352667953956058e-01
2.407614555555555569e+01	5.671641791044775838e-01	6.629573981472463018e-01
2.407724555555555668e+01	5.746268656716417844e-01	6.629741447741999139e-01
2.408595777777777869e+01	5.820895522388059851e-01	6.631067520527282877e-01
2.408931194444444301e+01	5.895522388059701857e-01	6.631577913513273526e-01
2.409105499999999722e+01	5.970149253731342753e-01	6.631843118258449188e-01
2.409236611111111159e+01	6.044776119402984760e-01	6.632042589183259063e-01
2.409354388888888820e+01	6.119402985074626766e-01	6.632221764856998103e-01
2.409575027777777834e+01	6.194029850746268773e-01	6.632557397781964070e-01
2.411043611111111318e+01	6.268656716417910779e-01	6.634790534985292032e-01
2.412238444444444596e+01	6.343283582089551675e-01	6.636606313572376292e-01
2.412472916666666478e+01	6.417910447761193682e-01	6.636962524105430861e-01
2.412609166666666383e+01	6.492537313432835688e-01	6.637169497968328225e-01
2.412700666666666649e+01	6.567164179104477695e-01	6.637308486110191641e-01
2.413038555555555575e+01	6.641791044776119701e-01	6.637821688237686146e-01
2.413118611111111278e+01	6.716417910447760597e-01	6.637943269043491412e-01
2.414860694444444533e+01	6.791044776119402604e-01	6.640587891912832497e-01
2.416547416666666592e+01	6.865671641791044610e-01	6.643146489967601820e-01
2.417620805555555563e+01	6.940298507462686617e-01	6.644773704651338875e-01
2.417848916666666881e+01	7.014925373134328623e-01	6.645119410346205235e-01
2.417982722222222236e+01	7.089552238805969520e-01	6.645322178029727800e-01
2.418264916666666409e+01	7.164179104477611526e-01	6.645749772666591504e-01
2.418637611111110886e+01	7.238805970149253532e-01	6.646314413747587135e-01
2.418699333333333357e+01	7.313432835820895539e-01	6.646407915229870511e-01
2.418768888888888569e+01	7.388059701492537545e-01	6.646513280112815725e-01
2.418796222222222170e+01	7.462686567164178442e-01	6.646554684576092553e-01
2.419009972222222160e+01	7.537313432835820448e-01	6.646878454898584865e-01
2.419169249999999849e+01	7.611940298507462455e-01	6.647119695005757611e-01
2.419214222222222332e+01	7.686567164179104461e-01	6.647187806222462081e-01
2.419245333333333292e+01	7.761194029850746468e-01	6.647234923734417489e-01
2.419321000000000055e+01	7.835820895522387364e-01	6.647349517490956927e-01
2.419357083333333236e+01	7.910447761194029370e-01	6.647404162693866247e-01
2.419395138888889107e+01	7.985074626865671377e-01	6.647461793698041799e-01
2.419502333333333510e+01	8.059701492537313383e-01	6.647624122712181283e-01
2.419526583333333036e+01	8.134328358208955390e-01	6.647660844407512482e-01
2.419600611111111022e+01	8.208955223880597396e-01	6.647772941939997793e-01
2.419609444444444435e+01	8.283582089552238292e-01	6.647786317680415280e-01
2.419681500000000085e+01	8.358208955223880299e-01	6.647895424714286294e-01
2.419776444444444508e+01	8.432835820895522305e-01	6.648039184843816951e-01
2.419852638888889018e+01	8.507462686567164312e-01	6.648154550201784696e-01
2.419904138888889022e+01	8.582089552238806318e-01	6.648232523663373250e-01
2.419921027777778022e+01	8.656716417910447214e-01	6.648258093853443018e-01
2.419997888888888937e+01	8.731343283582089221e-01	6.648374460988023538e-01
2.420006999999999664e+01	8.805970149253731227e-01	6.648388254872743541e-01
2.420131111111111011e+01	8.880597014925373234e-01	6.648576148843932110e-01
2.420350000000000179e+01	8.955223880597015240e-01	6.648907502872067887e-01
2.420954638888888866e+01	9.029850746268656136e-01	6.649822635073416865e-01
2.421552416666666829e+01	9.104477611940298143e-01	6.650727137184284654e-01
2.421618555555555474e+01	9.179104477611940149e-01	6.650827197435684734e-01
2.421916638888888684e+01	9.253731343283582156e-01	6.651278124875452669e-01
2.422253916666666740e+01	9.328358208955224162e-01	6.651788270746917808e-01
2.422393277777777598e+01	9.402985074626865059e-01	6.651999037204374687e-01
2.422579305555555607e+01	9.477611940298507065e-01	6.652280360552393912e-01
2.422677972222222564e+01	9.552238805970149071e-01	6.652429561132020552e-01
2.422954222222222143e+01	9.626865671641791078e-01	6.652847262181245114e-01
2.423216749999999919e+01	9.701492537313433084e-01	6.653244166381004909e-01
2.423223277777777795e+01	9.776119402985073981e-01	6.653254034841390441e-01
2.423548999999999864e+01	9.850746268656715987e-01	6.653746413068686305e-01
2.424004194444444238e+01	9.925373134328357994e-01	6.654434386721164163e-01
2.424171999999999727e+01	1.000000000000000000e+00	6.654687969688164451e-01
