5.988888888888888214e-03	0.000000000000000000e+00	2.092592615114308163e-02
2.065222222222222112e-02	1.250000000000000069e-02	4.869771870666461666e-02
2.653583333333333141e-02	2.500000000000000139e-02	5.767744833142596228e-02
2.828638888888888869e-02	3.750000000000000555e-02	6.021134948842377099e-02
3.453055555555555739e-02	5.000000000000000278e-02	6.883442023856467529e-02
3.577611111111111269e-02	6.250000000000000000e-02	7.048603203436976106e-02
6.349111111111110928e-02	7.500000000000001110e-02	1.031137561595557584e-01
6.480388888888889698e-02	8.750000000000000833e-02	1.045085858280215829e-01
6.482361111111110963e-02	1.000000000000000056e-01	1.045294579182988182e-01
7.247361111111109977e-02	1.125000000000000028e-01	1.124505653543662609e-01
7.782250000000000278e-02	1.250000000000000000e-01	1.177970182500305274e-01
9.666833333333332834e-02	1.375000000000000111e-01	1.355695857103678126e-01
1.167030555555555460e-01	1.500000000000000222e-01	1.529737878690020647e-01
1.216288888888888836e-01	1.625000000000000056e-01	1.570562811642830514e-01
1.224213888888888851e-01	1.750000000000000167e-01	1.577065060162554655e-01
1.377322222222222281e-01	1.875000000000000000e-01	1.699337529755295950e-01
1.391052777777777860e-01	2.000000000000000111e-01	1.710008296541495332e-01
1.449888888888888894e-01	2.125000000000000222e-01	1.755220602859753898e-01
1.793008333333333260e-01	2.250000000000000056e-01	2.004078063707942503e-01
2.372308333333333075e-01	2.375000000000000167e-01	2.378466087068396018e-01
2.488405555555555648e-01	2.500000000000000000e-01	2.447924503322297385e-01
2.509388888888888780e-01	2.625000000000000111e-01	2.460304432287379051e-01
2.539969444444444280e-01	2.750000000000000222e-01	2.478253881590676277e-01
2.733761111111110975e-01	2.875000000000000333e-01	2.589541808259363531e-01
3.191111111111111232e-01	3.000000000000000444e-01	2.836955156938434364e-01
3.342566666666667019e-01	3.125000000000000000e-01	2.914675863076822138e-01
3.460447222222222119e-01	3.250000000000000111e-01	2.973849071225194152e-01
3.488972222222221919e-01	3.375000000000000222e-01	2.988000795790440867e-01
3.579555555555555824e-01	3.500000000000000333e-01	3.032520945500921661e-01
4.383313888888888954e-01	3.625000000000000444e-01	3.402276331916869179e-01
5.003177777777777502e-01	3.750000000000000000e-01	3.660800923229329262e-01
5.352188888888889107e-01	3.875000000000000111e-01	3.797715383091709862e-01
5.389874999999999527e-01	4.000000000000000222e-01	3.812157417734542975e-01
6.565227777777777884e-01	4.125000000000000333e-01	4.232850339898088787e-01
6.949244444444444557e-01	4.250000000000000444e-01	4.359152559571993768e-01
7.806797222222222610e-01	4.375000000000000000e-01	4.624296026825993611e-01
7.879502777777778189e-01	4.500000000000000111e-01	4.645784048107705066e-01
8.230052777777777662e-01	4.625000000000000222e-01	4.747368945022257813e-01
8.256205555555555797e-01	4.750000000000000333e-01	4.754816881836295694e-01
1.083529722222222214e+00	4.875000000000000444e-01	5.412383488530204678e-01
1.083725277777777718e+00	5.000000000000000000e-01	5.412831119444313499e-01
1.152913055555555566e+00	5.125000000000000666e-01	5.567033865194224163e-01
1.188655555555555576e+00	5.250000000000000222e-01	5.643577335208023182e-01
1.201149444444444381e+00	5.374999999999999778e-01	5.669855983981683112e-01
1.291305833333333375e+00	5.500000000000000444e-01	5.852542449773783240e-01
1.336337222222222287e+00	5.625000000000000000e-01	5.939476063265346495e-01
1.435089999999999977e+00	5.750000000000000666e-01	6.120890397422662499e-01
1.438191388888888866e+00	5.875000000000000222e-01	6.126393050843489396e-01
1.469874722222222152e+00	6.000000000000000888e-01	6.181958945541645711e-01
1.510195277777777845e+00	6.125000000000000444e-01	6.251007680748391637e-01
1.603718888888888916e+00	6.250000000000000000e-01	6.404371468920637689e-01
1.640866666666666696e+00	6.375000000000000666e-01	6.462795677469505007e-01
1.641809166666666542e+00	6.500000000000000222e-01	6.464260326982648186e-01
1.785006944444444299e+00	6.625000000000000888e-01	6.677181511767372735e-01
1.795910833333333567e+00	6.750000000000000444e-01	6.692648155214024897e-01
1.815776944444444263e+00	6.875000000000000000e-01	6.720569567188587889e-01
1.823178888888888904e+00	7.000000000000000666e-01	6.730888697457273473e-01
2.190738611111111123e+00	7.125000000000000222e-01	7.191745711563252152e-01
2.367709722222222091e+00	7.250000000000000888e-01	7.382480192036253719e-01
2.427621944444444679e+00	7.375000000000000444e-01	7.443129275428357339e-01
2.609483333333333377e+00	7.500000000000000000e-01	7.616233856339105213e-01
2.739896666666666647e+00	7.625000000000000666e-01	7.731019774414048529e-01
2.789631944444444400e+00	7.750000000000000222e-01	7.772900369510075125e-01
2.797000277777777377e+00	7.875000000000000888e-01	7.779019647138565308e-01
2.861539722222222082e+00	8.000000000000000444e-01	7.831701310335364985e-01
2.867723333333333180e+00	8.125000000000000000e-01	7.836663811201056706e-01
2.875617222222222047e+00	8.250000000000000666e-01	7.842977613909968282e-01
3.115491666666666770e+00	8.375000000000000222e-01	8.024061048016046804e-01
3.310624166666666479e+00	8.500000000000000888e-01	8.157300970584253630e-01
3.441215833333333585e+00	8.625000000000000444e-01	8.240176896331177225e-01
3.981980277777778188e+00	8.750000000000000000e-01	8.537645983742268019e-01
4.047607777777778360e+00	8.875000000000000666e-01	8.569366901615067533e-01
4.605000000000000426e+00	9.000000000000000222e-01	8.807538994829526846e-01
5.799809722222222241e+00	9.125000000000000888e-01	9.175615528711378310e-01
6.634814444444444348e+00	9.250000000000000444e-01	9.354192561260853411e-01
7.436001111111110617e+00	9.375000000000000000e-01	9.484585380496545204e-01
7.571264166666666462e+00	9.500000000000000666e-01	9.503468265499781520e-01
7.799578888888889061e+00	9.625000000000000222e-01	9.533570899338339455e-01
8.406832222222222484e+00	9.750000000000000888e-01	9.603995951027313183e-01
9.088001666666666978e+00	9.875000000000000444e-01	9.669016757832337161e-01
1.080266305555555562e+01	1.000000000000000000e+00	9.785607398941346124e-01
