7.766666666666666077e-04	0.000000000000000000e+00	2.041464130935977117e-02
8.344444444444444045e-04	1.194743130227001121e-03	2.102234774292277564e-02
8.733333333333333833e-04	2.389486260454002243e-03	2.141738010880944731e-02
9.319444444444444434e-04	3.584229390681003581e-03	2.199342497338496738e-02
9.749999999999999552e-04	4.778972520908004486e-03	2.240295489375965232e-02
1.266111111111111083e-03	5.973715651135005390e-03	2.492422011293593531e-02
1.920000000000000049e-03	7.168458781362007162e-03	2.953252769318392978e-02
2.265555555555555812e-03	8.363201911589008067e-03	3.158888339085186292e-02
3.301388888888888862e-03	9.557945041816008971e-03	3.680621026184194289e-02
5.136944444444443980e-03	1.075268817204300988e-02	4.401712196878793115e-02
5.467777777777778001e-03	1.194743130227001078e-02	4.514047326390202564e-02
5.988888888888888214e-03	1.314217443249701169e-02	4.682926311796820062e-02
6.144722222222221558e-03	1.433691756272401432e-02	4.731684715948836217e-02
7.197777777777777768e-03	1.553166069295101523e-02	5.043014813494794968e-02
8.059166666666667603e-03	1.672640382317801613e-02	5.277621640935881153e-02
8.173333333333332798e-03	1.792114695340501704e-02	5.307548784846594092e-02
8.267777777777778406e-03	1.911589008363201794e-02	5.332114056395620416e-02
8.340277777777778054e-03	2.031063321385901885e-02	5.350855707399249095e-02
8.678888888888888764e-03	2.150537634408601975e-02	5.437098551767949317e-02
8.978888888888888684e-03	2.270011947431302066e-02	5.511808328641776278e-02
9.074166666666667880e-03	2.389486260454002156e-02	5.535216207393245380e-02
9.374166666666666065e-03	2.508960573476702247e-02	5.607954998682063152e-02
9.418333333333332377e-03	2.628434886499402337e-02	5.618543126246289265e-02
9.589166666666667713e-03	2.747909199522102427e-02	5.659214121535915965e-02
9.889166666666665897e-03	2.867383512544802865e-02	5.729578305260230042e-02
1.008583333333333207e-02	2.986857825567502955e-02	5.775000426827847644e-02
1.011388888888888754e-02	3.106332138590203046e-02	5.781435865918593819e-02
1.027222222222222078e-02	3.225806451612903136e-02	5.817551599071901780e-02
1.038583333333333372e-02	3.345280764635603227e-02	5.843256904376203931e-02
1.042249999999999947e-02	3.464755077658303317e-02	5.851516253053634653e-02
1.052611111111111108e-02	3.584229390681003408e-02	5.874759509714044814e-02
1.059805555555555501e-02	3.703703703703703498e-02	5.890816690451494697e-02
1.066055555555555506e-02	3.823178016726403589e-02	5.904711918809846249e-02
1.067527777777777659e-02	3.942652329749103679e-02	5.907977757305160615e-02
1.075722222222222184e-02	4.062126642771803769e-02	5.926105354352184662e-02
1.078499999999999945e-02	4.181600955794503860e-02	5.932231112528851824e-02
1.090888888888888811e-02	4.301075268817203950e-02	5.959435043003791233e-02
1.105638888888888817e-02	4.420549581839904041e-02	5.991578038587852539e-02
1.122583333333333246e-02	4.540023894862604131e-02	6.028180663456195187e-02
1.124472222222222192e-02	4.659498207885304222e-02	6.032239936440253469e-02
1.127611111111111175e-02	4.778972520908004312e-02	6.038976265058171311e-02
1.146166666666666688e-02	4.898446833930704403e-02	6.078565310300920732e-02
1.155166666666666668e-02	5.017921146953404493e-02	6.097625807566808831e-02
1.158000000000000002e-02	5.137395459976104584e-02	6.103607489576468037e-02
1.177361111111110969e-02	5.256869772998804674e-02	6.144244218645800171e-02
1.194111111111111068e-02	5.376344086021504765e-02	6.179071245731870832e-02
1.201444444444444565e-02	5.495818399044204855e-02	6.194224616105525882e-02
1.213527777777777782e-02	5.615292712066904945e-02	6.219069985974767789e-02
1.280638888888888972e-02	5.734767025089605730e-02	6.354372239903516295e-02
1.317888888888888929e-02	5.854241338112305820e-02	6.427599166722908208e-02
1.357388888888888881e-02	5.973715651135005911e-02	6.503873142933636053e-02
1.368638888888888856e-02	6.093189964157706001e-02	6.525346576054391612e-02
1.368861111111111147e-02	6.212664277180406092e-02	6.525769647820789388e-02
1.391583333333333387e-02	6.332138590203105488e-02	6.568807793225273084e-02
1.394388888888888935e-02	6.451612903225806273e-02	6.574091741914678266e-02
1.409249999999999912e-02	6.571087216248505669e-02	6.601972498663200017e-02
1.451694444444444516e-02	6.690561529271206453e-02	6.680619499316964305e-02
1.461472222222222166e-02	6.810035842293905850e-02	6.698535960402118850e-02
1.564916666666666886e-02	6.929510155316606634e-02	6.883720929074821360e-02
1.565499999999999878e-02	7.048984468339306031e-02	6.884743488845845860e-02
1.586222222222222200e-02	7.168458781362006815e-02	6.920917406625759494e-02
1.757361111111111276e-02	7.287933094384706212e-02	7.209096359049671499e-02
1.847083333333333563e-02	7.407407407407406996e-02	7.353281175957870897e-02
2.065222222222222112e-02	7.526881720430106393e-02	7.686638896503794616e-02
2.066194444444444459e-02	7.646356033452807177e-02	7.688074575648462528e-02
2.078249999999999889e-02	7.765830346475507961e-02	7.705842307954047232e-02
2.378250000000000156e-02	7.885304659498207358e-02	8.128831670701242018e-02
2.518777777777777768e-02	8.004778972520908142e-02	8.315578777218735063e-02
2.606250000000000233e-02	8.124253285543607539e-02	8.428562866513888974e-02
2.653583333333333141e-02	8.243727598566308323e-02	8.488717899616826656e-02
2.828638888888888869e-02	8.363201911589007720e-02	8.705553896848838846e-02
2.862555555555555686e-02	8.482676224611708504e-02	8.746588892206208499e-02
2.873194444444444537e-02	8.602150537634407901e-02	8.759398020116804240e-02
2.984999999999999806e-02	8.721624850657108685e-02	8.892253749545520058e-02
2.986833333333333354e-02	8.841099163679808082e-02	8.894406111350550148e-02
3.040444444444444574e-02	8.960573476702508866e-02	8.956984469393425297e-02
3.041416666666666574e-02	9.080047789725208263e-02	8.958112912920368487e-02
3.083388888888888638e-02	9.199522102747909047e-02	9.006615800774997460e-02
3.118361111111110986e-02	9.318996415770608444e-02	9.046714874210437518e-02
3.279750000000000026e-02	9.438470728793309228e-02	9.228204217034630119e-02
3.361611111111111050e-02	9.557945041816008624e-02	9.318125558738032943e-02
3.399361111111110639e-02	9.677419354838709409e-02	9.359130003255422547e-02
3.453055555555555739e-02	9.796893667861408805e-02	9.416964146502204702e-02
3.488694444444444265e-02	9.916367980884109590e-02	9.455039635641537821e-02
3.489055555555555660e-02	1.003584229390680899e-01	9.455424182959393242e-02
3.577611111111111269e-02	1.015531660692950977e-01	9.548982527988059132e-02
3.697305555555555762e-02	1.027479091995220917e-01	9.673154318880794467e-02
3.719305555555555559e-02	1.039426523297490995e-01	9.695701112559484969e-02
3.810305555555555668e-02	1.051373954599760935e-01	9.788082015059029750e-02
3.811805555555555086e-02	1.063321385902031013e-01	9.789593083761594094e-02
3.984750000000000097e-02	1.075268817204300953e-01	9.961363224366515112e-02
4.223472222222222211e-02	1.087216248506571031e-01	1.019091194358436869e-01
4.232999999999999957e-02	1.099163679808840971e-01	1.019990166302434664e-01
4.355333333333333279e-02	1.111111111111111049e-01	1.031420816830018738e-01
4.601805555555555510e-02	1.123058542413380989e-01	1.053849020330586139e-01
4.619055555555555415e-02	1.135005973715651068e-01	1.055389966632565013e-01
4.715083333333332932e-02	1.146953405017921146e-01	1.063902246856693878e-01
4.872499999999999748e-02	1.158900836320191086e-01	1.077621865885473040e-01
4.927833333333332677e-02	1.170848267622461164e-01	1.082377612056653060e-01
4.952916666666666579e-02	1.182795698924731104e-01	1.084522301737400607e-01
5.005194444444444751e-02	1.194743130227001182e-01	1.088970143710731309e-01
5.129666666666667096e-02	1.206690561529271122e-01	1.099442996140359563e-01
5.274611111111111167e-02	1.218637992831541200e-01	1.111436934104728103e-01
5.464638888888889018e-02	1.230585424133811140e-01	1.126848223556027317e-01
5.758833333333333859e-02	1.242532855436081218e-01	1.150048624895342320e-01
5.877083333333332771e-02	1.254480286738351158e-01	1.159161008621034661e-01
5.962805555555555914e-02	1.266427718040621098e-01	1.165693928956974545e-01
6.050666666666666693e-02	1.278375149342891315e-01	1.172327958379183466e-01
6.134027777777777135e-02	1.290322580645161255e-01	1.178565594940231831e-01
6.205416666666666720e-02	1.302270011947431194e-01	1.183864493682481589e-01
6.349111111111110928e-02	1.314217443249701134e-01	1.194413381126328000e-01
6.480388888888889698e-02	1.326164874551971351e-01	1.203918102707013382e-01
6.482361111111110963e-02	1.338112305854241291e-01	1.204059951397912220e-01
7.247361111111109977e-02	1.350059737156511230e-01	1.257120572237035994e-01
7.549861111111111356e-02	1.362007168458781170e-01	1.277108087697380601e-01
7.558277777777777651e-02	1.373954599761051387e-01	1.277656787254878301e-01
7.565111111111111342e-02	1.385902031063321327e-01	1.278101977042049864e-01
7.639222222222222247e-02	1.397849462365591267e-01	1.282913760026943573e-01
7.720888888888888246e-02	1.409796893667861206e-01	1.288181430724226750e-01
7.782250000000000278e-02	1.421744324970131423e-01	1.292115793638566323e-01
7.820249999999999424e-02	1.433691756272401363e-01	1.294542276264205594e-01
8.230694444444444646e-02	1.445639187574671303e-01	1.320279748784571883e-01
8.233250000000000290e-02	1.457586618876941242e-01	1.320437375711475125e-01
8.289055555555555066e-02	1.469534050179211460e-01	1.323871622542269755e-01
8.495638888888890072e-02	1.481481481481481399e-01	1.336456290190645158e-01
8.867694444444444712e-02	1.493428912783751339e-01	1.358631339495726120e-01
8.899361111111112055e-02	1.505376344086021279e-01	1.360490712527533397e-01
9.166138888888888947e-02	1.517323775388291496e-01	1.375987652210605150e-01
9.504499999999999060e-02	1.529271206690561435e-01	1.395227936156383519e-01
9.530694444444444413e-02	1.541218637992831375e-01	1.396698782293022134e-01
9.607611111111111213e-02	1.553166069295101592e-01	1.401002628666547789e-01
9.666833333333332834e-02	1.565113500597371532e-01	1.404301169906945201e-01
9.738694444444444265e-02	1.577060931899641472e-01	1.408286092384909427e-01
9.830555555555554881e-02	1.589008363201911411e-01	1.413352359044561801e-01
9.882361111111111207e-02	1.600955794504181628e-01	1.416195951083025761e-01
1.014224999999999988e-01	1.612903225806451568e-01	1.430316825332036412e-01
1.036744444444444441e-01	1.624850657108721508e-01	1.442363427777800799e-01
1.134300000000000030e-01	1.636798088410991447e-01	1.492667162684823134e-01
1.155622222222222190e-01	1.648745519713261665e-01	1.503281937467176865e-01
1.167030555555555460e-01	1.660692951015531604e-01	1.508908770284599354e-01
1.179988888888888893e-01	1.672640382317801544e-01	1.515256598066827554e-01
1.188397222222222216e-01	1.684587813620071484e-01	1.519351161506288239e-01
1.212163888888888874e-01	1.696535244922341701e-01	1.530823017432664246e-01
1.216288888888888836e-01	1.708482676224611641e-01	1.532799049366337929e-01
1.224213888888888851e-01	1.720430107526881580e-01	1.536583130681673515e-01
1.276694444444444465e-01	1.732377538829151520e-01	1.561245009476663892e-01
1.335244444444444456e-01	1.744324970131421737e-01	1.587985184190917609e-01
1.373052777777777622e-01	1.756272401433691677e-01	1.604844716634413748e-01
1.377322222222222281e-01	1.768219832735961616e-01	1.606729243623383763e-01
1.391052777777777860e-01	1.780167264038231556e-01	1.612763906611754949e-01
1.399533333333333185e-01	1.792114695340501773e-01	1.616471560464681767e-01
1.449888888888888894e-01	1.804062126642771713e-01	1.638186849388202360e-01
1.467241666666666555e-01	1.816009557945041653e-01	1.645554485164723024e-01
1.473527777777777770e-01	1.827956989247311592e-01	1.648209222615720781e-01
1.475427777777777727e-01	1.839904420549581809e-01	1.649010152476843016e-01
1.497344444444444478e-01	1.851851851851851749e-01	1.658200012440446125e-01
1.542666666666666631e-01	1.863799283154121689e-01	1.676925328091749545e-01
1.623391666666666733e-01	1.875746714456391628e-01	1.709393916995571860e-01
1.650452777777777769e-01	1.887694145758661846e-01	1.720037821444347914e-01
1.651650000000000063e-01	1.899641577060931785e-01	1.720506034650908234e-01
1.656797222222222143e-01	1.911589008363201725e-01	1.722516458868011968e-01
1.676972222222222197e-01	1.923536439665471942e-01	1.730356688021408296e-01
1.695286111111111160e-01	1.935483870967741882e-01	1.737419509036742804e-01
1.793008333333333260e-01	1.947431302270011821e-01	1.774271700102890703e-01
1.816016666666666612e-01	1.959378733572281761e-01	1.782752516594399150e-01
1.818375000000000130e-01	1.971326164874551978e-01	1.783617729299173948e-01
1.892250000000000043e-01	1.983273596176821918e-01	1.810349061828628869e-01
1.930191666666666861e-01	1.995221027479091858e-01	1.823807272832699278e-01
1.954177777777777736e-01	2.007168458781361797e-01	1.832224123202175203e-01
1.954716666666666547e-01	2.019115890083632014e-01	1.832412424598912626e-01
1.994280555555555667e-01	2.031063321385901954e-01	1.846142981108629400e-01
2.072038888888888819e-01	2.043010752688171894e-01	1.872604870766833018e-01
2.092208333333333559e-01	2.054958183990441833e-01	1.879359363101650304e-01
2.137269444444444555e-01	2.066905615292712051e-01	1.894292977323129845e-01
2.182061111111111285e-01	2.078853046594981990e-01	1.908928546744419474e-01
2.284822222222221977e-01	2.090800477897251930e-01	1.941755685190849068e-01
2.297502777777777894e-01	2.102747909199521870e-01	1.945736880517590084e-01
2.372308333333333075e-01	2.114695340501792087e-01	1.968925358872417597e-01
2.444905555555555721e-01	2.126642771804062026e-01	1.990960342312089182e-01
2.509388888888888780e-01	2.138590203106331966e-01	2.010163235556424732e-01
2.539969444444444280e-01	2.150537634408601906e-01	2.019152940044509625e-01
2.636027777777777970e-01	2.162485065710872123e-01	2.046920716393250128e-01
2.671505555555555578e-01	2.174432497013142063e-01	2.057001945806062881e-01
2.731991666666666596e-01	2.186379928315412002e-01	2.073980897378129296e-01
2.733761111111110975e-01	2.198327359617681942e-01	2.074473714343386677e-01
2.768186111111111125e-01	2.210274790919952159e-01	2.084018537336850274e-01
2.780986111111111159e-01	2.222222222222222099e-01	2.087546830965214539e-01
2.787161111111111089e-01	2.234169653524492039e-01	2.089244988412948256e-01
2.829336111111110941e-01	2.246117084826761978e-01	2.100775082133676808e-01
2.854866666666666664e-01	2.258064516129032195e-01	2.107697762258031737e-01
2.878288888888888564e-01	2.270011947431302135e-01	2.114011579758076076e-01
2.923594444444443941e-01	2.281959378733572075e-01	2.126125187523378868e-01
2.975927777777778171e-01	2.293906810035842292e-01	2.139958695686383638e-01
2.996922222222222487e-01	2.305854241338112232e-01	2.145461339193025507e-01
3.034972222222221960e-01	2.317801672640382171e-01	2.155367153086862331e-01
3.053472222222222143e-01	2.329749103942652111e-01	2.160152574490292743e-01
3.081405555555555842e-01	2.341696535244922328e-01	2.167340504615072883e-01
3.191111111111111232e-01	2.353643966547192268e-01	2.195144204419066103e-01
3.301502777777777786e-01	2.365591397849462207e-01	2.222464491074146453e-01
3.301525000000000154e-01	2.377538829151732147e-01	2.222469926793786410e-01
3.342566666666667019e-01	2.389486260454002364e-01	2.232466186729852309e-01
3.488972222222221919e-01	2.401433691756272304e-01	2.267448465067321006e-01
3.530699999999999950e-01	2.413381123058542244e-01	2.277232263951334268e-01
3.532491666666666141e-01	2.425328554360812183e-01	2.277650551641232646e-01
3.579555555555555824e-01	2.437275985663082400e-01	2.288585890915313392e-01
3.679786111111110758e-01	2.449223416965352340e-01	2.311546033216402840e-01
3.751569444444444734e-01	2.461170848267622280e-01	2.327723756716435499e-01
3.755019444444444576e-01	2.473118279569892219e-01	2.328495832426588086e-01
3.967227777777777575e-01	2.485065710872162437e-01	2.375064246602163198e-01
3.971255555555555650e-01	2.497013142174432376e-01	2.375931122761700820e-01
3.981097222222221843e-01	2.508960573476702316e-01	2.378046707495549139e-01
4.115588888888889185e-01	2.520908004778972256e-01	2.406597367043598057e-01
4.142163888888888978e-01	2.532855436081242195e-01	2.412161291578718281e-01
4.180749999999999744e-01	2.544802867383512135e-01	2.420195575268822008e-01
4.218933333333333424e-01	2.556750298685782630e-01	2.428094959701003752e-01
4.225688888888888828e-01	2.568697729988052569e-01	2.429487323608729987e-01
4.298988888888888860e-01	2.580645161290322509e-01	2.444495396073115279e-01
4.383313888888888954e-01	2.592592592592592449e-01	2.461540024102304436e-01
4.404000000000000137e-01	2.604540023894862388e-01	2.465686029061381346e-01
4.479491666666666760e-01	2.616487455197132328e-01	2.480701098820237149e-01
4.588327777777777561e-01	2.628434886499402268e-01	2.502037516634776360e-01
4.623747222222222009e-01	2.640382317801672207e-01	2.508904128797473376e-01
4.882372222222222113e-01	2.652329749103942702e-01	2.557948269008187836e-01
4.948933333333333517e-01	2.664277180406212642e-01	2.570271659835550171e-01
4.950416666666667131e-01	2.676224611708482581e-01	2.570544947106379041e-01
4.955427777777777765e-01	2.688172043010752521e-01	2.571467757707771584e-01
5.000249999999999417e-01	2.700119474313022461e-01	2.579692584262687216e-01
5.003177777777777502e-01	2.712066905615292400e-01	2.580228003916127388e-01
5.026688888888888318e-01	2.724014336917562340e-01	2.584519568584836557e-01
5.064044444444444348e-01	2.735961768219832835e-01	2.591308972478082451e-01
5.122688888888888847e-01	2.747909199522102774e-01	2.601896189534753656e-01
5.155141666666667177e-01	2.759856630824372714e-01	2.607717952831033470e-01
5.281130555555555439e-01	2.771804062126642654e-01	2.630075095477821812e-01
5.350472222222222296e-01	2.783751493428912593e-01	2.642218180638139513e-01
5.352188888888889107e-01	2.795698924731182533e-01	2.642517374743287295e-01
5.389874999999999527e-01	2.807646356033452473e-01	2.649068415725064352e-01
5.470724999999999616e-01	2.819593787335722412e-01	2.663013112270302685e-01
5.531755555555555315e-01	2.831541218637992907e-01	2.673442175929403586e-01
5.886333333333333417e-01	2.843488649940262847e-01	2.732456580899886855e-01
5.946375000000000410e-01	2.855436081242532786e-01	2.742195172411395765e-01
5.965941666666666476e-01	2.867383512544802726e-01	2.745353549109922353e-01
5.970869444444444341e-01	2.879330943847072666e-01	2.746147797189132378e-01
6.114247222222222167e-01	2.891278375149342605e-01	2.769053246818503622e-01
6.149963888888888563e-01	2.903225806451612545e-01	2.774698883791558712e-01
6.178138888888888847e-01	2.915173237753882485e-01	2.779135770615774881e-01
6.196080555555555369e-01	2.927120669056152980e-01	2.781953551247775547e-01
6.386830555555556010e-01	2.939068100358422919e-01	2.811553080073432298e-01
6.519163888888888092e-01	2.951015531660692859e-01	2.831714305459948067e-01
6.644302777777777447e-01	2.962962962962962798e-01	2.850508521190999733e-01
6.723750000000000560e-01	2.974910394265232738e-01	2.862307575801343873e-01
6.765808333333332980e-01	2.986857825567502678e-01	2.868512908151241714e-01
6.780888888888888522e-01	2.998805256869772617e-01	2.870731084060468286e-01
6.841602777777777700e-01	3.010752688172042557e-01	2.879625291407770238e-01
6.872916666666666341e-01	3.022700119474313052e-01	2.884190165271406370e-01
6.925522222222222357e-01	3.034647550776582992e-01	2.891824949836090397e-01
6.949244444444444557e-01	3.046594982078852931e-01	2.895254015741042242e-01
7.040091666666666859e-01	3.058542413381122871e-01	2.908307747481858607e-01
7.117058333333333708e-01	3.070489844683392811e-01	2.919271272530699068e-01
7.126677777777776779e-01	3.082437275985662750e-01	2.920635427135767070e-01
7.280613888888889385e-01	3.094384707287932690e-01	2.942284783922021196e-01
7.329030555555555715e-01	3.106332138590203185e-01	2.949024859526805376e-01
7.364977777777776957e-01	3.118279569892473124e-01	2.954008036263990888e-01
7.432347222222221994e-01	3.130227001194743064e-01	2.963299390654993148e-01
7.522561111111110144e-01	3.142174432497013004e-01	2.975645288837395208e-01
7.546680555555554948e-01	3.154121863799282943e-01	2.978927679201410772e-01
7.624849999999999683e-01	3.166069295101552883e-01	2.989513102010203927e-01
7.699427777777777537e-01	3.178016726403822823e-01	2.999538202290856770e-01
7.806797222222222610e-01	3.189964157706092762e-01	3.013846837345803831e-01
7.879502777777778189e-01	3.201911589008363257e-01	3.023454046626565805e-01
8.159827777777778346e-01	3.213859020310633197e-01	3.059896058356336157e-01
8.230052777777777662e-01	3.225806451612903136e-01	3.068880338865531687e-01
8.256205555555555797e-01	3.237753882915173076e-01	3.072211749766234901e-01
8.376352777777777980e-01	3.249701314217443016e-01	3.087417020831554337e-01
8.546488888888889024e-01	3.261648745519712955e-01	3.108675117029688906e-01
8.552508333333332935e-01	3.273596176821982895e-01	3.109421472169913159e-01
8.596036111111110545e-01	3.285543608124252835e-01	3.114806962538729795e-01
8.815361111111111869e-01	3.297491039426523329e-01	3.141639549612255111e-01
8.972736111111111468e-01	3.309438470728793269e-01	3.160589158715262359e-01
9.009174999999999267e-01	3.321385902031063209e-01	3.164941504338479872e-01
9.019288888888888911e-01	3.333333333333333148e-01	3.166147208130909441e-01
9.166002777777777499e-01	3.345280764635603088e-01	3.183525190724926235e-01
9.191424999999999734e-01	3.357228195937873028e-01	3.186515305222213934e-01
9.303686111111111323e-01	3.369175627240142967e-01	3.199645990435860954e-01
9.502019444444443907e-01	3.381123058542412907e-01	3.222557959414528161e-01
9.644838888888888073e-01	3.393070489844683402e-01	3.238836400203551902e-01
9.690138888888888413e-01	3.405017921146953341e-01	3.243961960149056578e-01
9.699066666666666947e-01	3.416965352449223281e-01	3.244969994164563776e-01
9.814933333333334398e-01	3.428912783751493221e-01	3.257989850177722690e-01
9.929133333333333145e-01	3.440860215053763160e-01	3.270710145357541565e-01
1.003219166666666551e+00	3.452807646356033100e-01	3.282095501242550117e-01
1.021501666666666752e+00	3.464755077658303040e-01	3.302078644539144792e-01
1.029948055555555575e+00	3.476702508960573534e-01	3.311219958199934643e-01
1.033484999999999987e+00	3.488649940262843474e-01	3.315031142420369337e-01
1.041424166666666595e+00	3.500597371565113414e-01	3.323550230976595188e-01
1.044755277777777769e+00	3.512544802867383353e-01	3.327110092340518355e-01
1.052280000000000104e+00	3.524492234169653293e-01	3.335120149920436372e-01
1.065393055555555524e+00	3.536439665471923233e-01	3.348976280648275905e-01
1.083529722222222214e+00	3.548387096774193172e-01	3.367929915290508447e-01
1.083725277777777718e+00	3.560334528076463112e-01	3.368132967983763493e-01
1.108118333333333316e+00	3.572281959378733607e-01	3.393246478631238849e-01
1.122384444444444407e+00	3.584229390681003546e-01	3.407740335067819260e-01
1.152913055555555566e+00	3.596176821983273486e-01	3.438292461945056111e-01
1.165607777777777798e+00	3.608124253285543426e-01	3.450816001474340533e-01
1.167367500000000113e+00	3.620071684587813365e-01	3.452543786635700052e-01
1.171948055555555479e+00	3.632019115890083305e-01	3.457031923179737509e-01
1.175630277777777843e+00	3.643966547192353245e-01	3.460630168449841948e-01
1.184833333333333183e+00	3.655913978494623184e-01	3.469585908963185306e-01
1.188655555555555576e+00	3.667861409796893679e-01	3.473289824975074325e-01
1.201149444444444381e+00	3.679808841099163619e-01	3.485333919003374969e-01
1.210001388888888973e+00	3.691756272401433558e-01	3.493809391783183615e-01
1.344794999999999963e+00	3.703703703703703498e-01	3.617345277760313227e-01
1.381400555555555743e+00	3.715651135005973438e-01	3.649237724557476970e-01
1.398626666666666463e+00	3.727598566308243377e-01	3.664019973596231994e-01
1.417713611111111272e+00	3.739545997610513317e-01	3.680235087431811269e-01
1.418058888888888758e+00	3.751493428912783257e-01	3.680526850250487314e-01
1.435089999999999977e+00	3.763440860215053752e-01	3.694850279102075419e-01
1.438191388888888866e+00	3.775388291517323691e-01	3.697444360162426280e-01
1.443251666666666599e+00	3.787335722819593631e-01	3.701667582251347843e-01
1.454343055555555653e+00	3.799283154121863570e-01	3.710884124822753094e-01
1.469874722222222152e+00	3.811230585424133510e-01	3.723698842832910971e-01
1.489383333333333281e+00	3.823178016726403450e-01	3.739646137434257112e-01
1.504305277777777672e+00	3.835125448028673389e-01	3.751734409869055265e-01
1.506065833333333437e+00	3.847072879330943884e-01	3.753154452488568493e-01
1.510195277777777845e+00	3.859020310633213824e-01	3.756480130368869963e-01
1.510874166666666740e+00	3.870967741935483764e-01	3.757026198090982483e-01
1.578191666666666659e+00	3.882915173237753703e-01	3.810244133457508786e-01
1.580300555555555597e+00	3.894862604540023643e-01	3.811882341069902091e-01
1.589833055555555541e+00	3.906810035842293582e-01	3.819265942175357198e-01
1.601669444444444590e+00	3.918757467144563522e-01	3.828385814491360728e-01
1.603718888888888916e+00	3.930704898446833462e-01	3.829959515304534046e-01
1.621105277777777909e+00	3.942652329749103957e-01	3.843246704202384345e-01
1.632510833333333355e+00	3.954599761051373896e-01	3.851902356734522304e-01
1.640866666666666696e+00	3.966547192353643836e-01	3.858213395289339376e-01
1.641809166666666542e+00	3.978494623655913776e-01	3.858923661004778349e-01
1.660889166666666750e+00	3.990442054958183715e-01	3.873233626592157419e-01
1.702736388888888897e+00	4.002389486260453655e-01	3.904170073786489281e-01
1.742403611111111195e+00	4.014336917562723595e-01	3.932944335680504944e-01
1.753788055555555392e+00	4.026284348864993534e-01	3.941106524629699459e-01
1.760650000000000048e+00	4.038231780167264029e-01	3.946005968356826044e-01
1.778243888888888957e+00	4.050179211469533969e-01	3.958499095594703032e-01
1.785006944444444299e+00	4.062126642771803908e-01	3.963275292519282678e-01
1.795910833333333567e+00	4.074074074074073848e-01	3.970945597990568343e-01
1.815776944444444263e+00	4.086021505376343788e-01	3.984825558427986802e-01
1.842997777777777957e+00	4.097968936678613727e-01	4.003648867358181596e-01
1.958209722222222338e+00	4.109916367980883667e-01	4.080938529049302765e-01
1.960328611111111119e+00	4.121863799283153607e-01	4.082325446882554276e-01
1.973730277777777875e+00	4.133811230585424101e-01	4.091069698139815358e-01
2.109960277777777726e+00	4.145758661887694041e-01	4.177344729586517369e-01
2.143041388888888843e+00	4.157706093189963981e-01	4.197612800926681098e-01
2.190738611111111123e+00	4.169653524492233920e-01	4.226393223528943643e-01
2.219391111111111314e+00	4.181600955794503860e-01	4.243437869707139543e-01
2.224598888888888570e+00	4.193548387096773800e-01	4.246516569711605849e-01
2.227233055555555286e+00	4.205495818399043739e-01	4.248071582162880055e-01
2.234025277777777596e+00	4.217443249701314234e-01	4.252074287929191732e-01
2.348428888888888455e+00	4.229390681003584174e-01	4.318042729340373365e-01
2.355573611111111187e+00	4.241338112305854113e-01	4.322074578491623686e-01
2.364473888888888986e+00	4.253285543608124053e-01	4.327083092617233229e-01
2.365075277777778151e+00	4.265232974910393993e-01	4.327420957732208695e-01
2.367709722222222091e+00	4.277180406212663932e-01	4.328900178954760980e-01
2.427621944444444679e+00	4.289127837514933872e-01	4.362180659248841019e-01
2.430782499999999846e+00	4.301075268817203812e-01	4.363917463606187264e-01
2.432985555555555290e+00	4.313022700119474306e-01	4.365126997834418709e-01
2.468270555555555301e+00	4.324970131421744246e-01	4.384377400259691360e-01
2.470841666666666825e+00	4.336917562724014186e-01	4.385771226882585472e-01
2.536341666666666494e+00	4.348864994026284125e-01	4.420881682184821804e-01
2.584725833333333611e+00	4.360812425328554065e-01	4.446338557421835036e-01
2.609483333333333377e+00	4.372759856630824005e-01	4.459211926934796288e-01
2.635677222222222227e+00	4.384707287933093944e-01	4.472722180961978822e-01
2.641268333333333551e+00	4.396654719235363884e-01	4.475591489047244798e-01
2.649954722222222170e+00	4.408602150537634379e-01	4.480039256801990888e-01
2.651339722222222139e+00	4.420549581839904318e-01	4.480747308518430172e-01
2.687321388888888940e+00	4.432497013142174258e-01	4.499035085903895226e-01
2.699910000000000032e+00	4.444444444444444198e-01	4.505385100174366109e-01
2.739896666666666647e+00	4.456391875746714137e-01	4.525392803061925040e-01
2.744834166666666686e+00	4.468339307048984077e-01	4.527846379243591901e-01
2.751508888888889004e+00	4.480286738351254017e-01	4.531157369107514654e-01
2.753775555555555865e+00	4.492234169653523956e-01	4.532280219514938091e-01
2.789631944444444400e+00	4.504181600955794451e-01	4.549940507184553340e-01
2.797000277777777377e+00	4.516129032258064391e-01	4.553546058369173366e-01
2.831627500000000186e+00	4.528076463560334330e-01	4.570384339585561451e-01
2.861539722222222082e+00	4.540023894862604270e-01	4.584791314830671816e-01
2.867723333333333180e+00	4.551971326164874210e-01	4.587753810487387174e-01
2.875617222222222047e+00	4.563918757467144149e-01	4.591527887916124762e-01
2.921714166666666834e+00	4.575866188769414089e-01	4.613394440856063428e-01
2.979945277777777957e+00	4.587813620071684584e-01	4.640605175946600491e-01
2.984963333333333413e+00	4.599761051373954523e-01	4.642928997201497543e-01
2.988395555555555472e+00	4.611708482676224463e-01	4.644516532040697809e-01
3.015693333333333115e+00	4.623655913978494403e-01	4.657088233212225425e-01
3.036401666666666888e+00	4.635603345280764342e-01	4.666561194254311706e-01
3.051936388888888629e+00	4.647550776583034282e-01	4.673631667882950369e-01
3.057860000000000245e+00	4.659498207885304222e-01	4.676319714060668264e-01
3.064202777777777609e+00	4.671445639187574161e-01	4.679193084640814737e-01
3.071559166666666396e+00	4.683393070489844656e-01	4.682519328788490309e-01
3.078121944444444313e+00	4.695340501792114596e-01	4.685481040614015713e-01
3.115491666666666770e+00	4.707287933094384536e-01	4.702244211101195281e-01
3.262149722222221992e+00	4.719235364396654475e-01	4.766421661702073820e-01
3.280636944444444314e+00	4.731182795698924415e-01	4.774336083627400695e-01
3.310624166666666479e+00	4.743130227001194354e-01	4.787092947142821409e-01
3.336575555555555628e+00	4.755077658303464294e-01	4.798053339267855932e-01
3.392464722222221951e+00	4.767025089605734234e-01	4.821411776150920092e-01
3.441215833333333585e+00	4.778972520908004729e-01	4.841518637595203511e-01
3.448638611111111363e+00	4.790919952210274668e-01	4.844558565210879131e-01
3.501595277777777682e+00	4.802867383512544608e-01	4.866084452636858515e-01
3.522305000000000241e+00	4.814814814814814548e-01	4.874426297467331359e-01
3.551094166666666663e+00	4.826762246117084487e-01	4.885952483265635360e-01
3.556251944444444479e+00	4.838709677419354427e-01	4.888008948950065546e-01
3.625130555555555301e+00	4.850657108721624367e-01	4.915227308891904068e-01
3.634924166666666956e+00	4.862604540023894306e-01	4.919060970181389214e-01
3.778121111111111485e+00	4.874551971326164801e-01	4.974114735703593082e-01
3.804773611111111009e+00	4.886499402628434741e-01	4.984160676939051182e-01
3.861030555555555299e+00	4.898446833930704680e-01	5.005165278822119035e-01
3.981980277777778188e+00	4.910394265232974620e-01	5.049433030164651726e-01
4.047607777777778360e+00	4.922341696535244560e-01	5.072961621483669248e-01
4.059638888888889241e+00	4.934289127837514499e-01	5.077238576841569540e-01
4.375784166666666586e+00	4.946236559139784439e-01	5.185799682037317559e-01
4.376401944444444858e+00	4.958183990442054379e-01	5.186004925181721958e-01
4.421409166666666835e+00	4.970131421744324873e-01	5.200888717904303959e-01
4.605000000000000426e+00	4.982078853046594813e-01	5.260235689237866552e-01
4.617990555555555154e+00	4.994026284348864753e-01	5.264354412184097942e-01
4.664487777777777566e+00	5.005973715651135247e-01	5.279012015417885451e-01
4.665206944444443948e+00	5.017921146953404632e-01	5.279237692215024147e-01
4.805988055555555860e+00	5.029868578255675127e-01	5.322824683869303852e-01
4.888755555555555965e+00	5.041816009557944511e-01	5.347916548549738192e-01
4.922063055555555344e+00	5.053763440860215006e-01	5.357906011241427846e-01
5.013968055555555914e+00	5.065710872162484391e-01	5.385156050559545271e-01
5.287422222222222246e+00	5.077658303464754885e-01	5.463634775201622329e-01
5.799809722222222241e+00	5.089605734767024270e-01	5.601173977036860707e-01
5.803852499999999637e+00	5.101553166069294765e-01	5.602213910984180645e-01
5.901548888888888733e+00	5.113500597371565259e-01	5.627142569600178668e-01
6.610309166666667124e+00	5.125448028673834644e-01	5.797251589423100260e-01
6.634814444444444348e+00	5.137395459976105139e-01	5.802821172521550608e-01
6.741966944444444110e+00	5.149342891278374523e-01	5.826948497140445049e-01
6.969716111111110557e+00	5.161290322580645018e-01	5.877044479583142245e-01
7.134334444444443868e+00	5.173237753882914403e-01	5.912292556957767786e-01
7.436001111111110617e+00	5.185185185185184897e-01	5.974910745420487501e-01
7.571264166666666462e+00	5.197132616487455392e-01	6.002198339871669397e-01
7.790651666666667197e+00	5.209080047789724777e-01	6.045471026949172932e-01
7.799578888888889061e+00	5.221027479091995271e-01	6.047206762720462869e-01
7.922010833333334112e+00	5.232974910394264656e-01	6.070818710325793788e-01
7.987561666666667115e+00	5.244922341696535151e-01	6.083315244776759112e-01
8.063095000000000567e+00	5.256869772998804535e-01	6.097591538081621465e-01
8.406832222222222484e+00	5.268817204301075030e-01	6.160951639937894964e-01
8.721973333333332690e+00	5.280764635603344415e-01	6.216843658202078071e-01
8.827116666666666944e+00	5.292712066905614909e-01	6.235048714384310298e-01
8.833543611111110749e+00	5.304659498207885404e-01	6.236154536918142588e-01
9.088001666666666978e+00	5.316606929510154789e-01	6.279307210373787917e-01
9.807664722222222409e+00	5.328554360812425283e-01	6.395120790334768435e-01
1.039518583333333446e+01	5.340501792114694668e-01	6.483489945238418706e-01
1.045595277777777810e+01	5.352449223416965163e-01	6.492338863687406869e-01
1.046238416666666637e+01	5.364396654719234547e-01	6.493272336920644650e-01
1.086788499999999935e+01	5.376344086021505042e-01	6.550973845243581728e-01
1.100479249999999887e+01	5.388291517323775537e-01	6.569958155715652781e-01
1.106793638888889042e+01	5.400238948626044921e-01	6.578632315579157064e-01
1.131447861111111131e+01	5.412186379928315416e-01	6.612018459433136597e-01
1.175567555555555543e+01	5.424133811230584801e-01	6.669926758227592289e-01
1.193428055555555645e+01	5.436081242532855295e-01	6.692729320542893934e-01
1.198939944444444450e+01	5.448028673835124680e-01	6.699694528630038004e-01
1.213408527777777834e+01	5.459976105137395175e-01	6.717819972300196341e-01
1.363514361111111128e+01	5.471923536439665670e-01	6.893443445758072885e-01
1.363978750000000062e+01	5.483870967741935054e-01	6.893954340970953609e-01
1.365144305555555526e+01	5.495818399044205549e-01	6.895235802026806748e-01
1.390651055555555615e+01	5.507765830346474933e-01	6.922989218256755395e-01
1.395703888888888855e+01	5.519713261648745428e-01	6.928422283303623530e-01
1.396572805555555519e+01	5.531660692951014813e-01	6.929354457347829399e-01
1.402051055555555692e+01	5.543608124253285308e-01	6.935217207954696983e-01
1.413671861111111028e+01	5.555555555555554692e-01	6.947572477453425321e-01
1.418118305555555558e+01	5.567502986857825187e-01	6.952271046971479906e-01
1.472361694444444424e+01	5.579450418160095682e-01	7.008341515559042278e-01
1.493330916666666752e+01	5.591397849462365066e-01	7.029419499532795212e-01
1.525172722222222177e+01	5.603345280764635561e-01	7.060817942979563666e-01
1.552327416666666515e+01	5.615292712066904945e-01	7.087033915176459420e-01
1.560153222222222347e+01	5.627240143369175440e-01	7.094496008208881488e-01
1.560237194444444420e+01	5.639187574671444825e-01	7.094575854886904231e-01
1.564709277777777707e+01	5.651135005973715320e-01	7.098821423692294186e-01
1.576303249999999956e+01	5.663082437275985814e-01	7.109766376871053950e-01
1.647108083333333539e+01	5.675029868578255199e-01	7.174738520367519579e-01
1.647140222222222405e+01	5.686977299880525694e-01	7.174767305838073428e-01
1.658827277777777809e+01	5.698924731182795078e-01	7.185193804046752231e-01
1.685199888888888964e+01	5.710872162485065573e-01	7.208424961079622495e-01
1.703484555555555602e+01	5.722819593787334957e-01	7.224295183466452608e-01
1.714073861111111086e+01	5.734767025089605452e-01	7.233399508149034318e-01
1.723063138888888801e+01	5.746714456391875947e-01	7.241078987993265770e-01
1.755660027777777898e+01	5.758661887694145332e-01	7.268554639248521188e-01
1.781714138888888854e+01	5.770609318996415826e-01	7.290106767333679461e-01
1.809844000000000008e+01	5.782556750298685211e-01	7.312981007130581190e-01
1.819492361111111123e+01	5.794504181600955706e-01	7.320734414714703542e-01
1.851337361111111335e+01	5.806451612903225090e-01	7.345998531940376441e-01
1.854814638888889178e+01	5.818399044205495585e-01	7.348727346970993501e-01
1.856993222222222073e+01	5.830346475507764969e-01	7.350434046067684246e-01
1.879954194444444227e+01	5.842293906810035464e-01	7.368284456820886064e-01
1.881576083333333216e+01	5.854241338112305959e-01	7.369535963860056604e-01
1.905916222222221990e+01	5.866188769414575344e-01	7.388171361001254489e-01
1.921463888888888860e+01	5.878136200716845838e-01	7.399933448675843906e-01
2.044742361111111251e+01	5.890083632019115223e-01	7.489494518945452040e-01
2.059839944444444271e+01	5.902031063321385718e-01	7.500033225175799512e-01
2.145175472222222268e+01	5.913978494623655102e-01	7.557960153987456353e-01
2.157897694444444170e+01	5.925925925925925597e-01	7.566365620762807165e-01
2.174423611111111043e+01	5.937873357228196092e-01	7.577197928015906303e-01
2.194122111111110840e+01	5.949820788530465476e-01	7.589984350611658215e-01
2.210784722222222243e+01	5.961768219832735971e-01	7.600695336148339809e-01
2.246379666666666708e+01	5.973715651135005356e-01	7.623261310057711793e-01
2.306087277777777800e+01	5.985663082437275850e-01	7.660181300070129096e-01
2.377938722222221912e+01	5.997610513739545235e-01	7.703133883822688155e-01
2.401731111111111261e+01	6.009557945041815730e-01	7.717016787469350714e-01
2.401814999999999856e+01	6.021505376344085114e-01	7.717065445350650421e-01
2.401855194444444308e+01	6.033452807646355609e-01	7.717088758521862824e-01
2.401885250000000127e+01	6.045400238948626104e-01	7.717106190733094007e-01
2.402201194444444354e+01	6.057347670250895488e-01	7.717289422596316228e-01
2.402295111111110870e+01	6.069295101553165983e-01	7.717343883969772778e-01
2.402439277777777704e+01	6.081242532855435368e-01	7.717427479876585172e-01
2.402479749999999825e+01	6.093189964157705862e-01	7.717450946857893346e-01
2.402544361111111115e+01	6.105137395459975247e-01	7.717488409294015472e-01
2.402634166666666715e+01	6.117084826762245742e-01	7.717540477822140144e-01
2.402730111111111100e+01	6.129032258064516236e-01	7.717596103053654399e-01
2.402822861111111408e+01	6.140979689366785621e-01	7.717649873730236809e-01
2.402983555555555384e+01	6.152927120669056116e-01	7.717743028484478351e-01
2.403012916666666499e+01	6.164874551971325500e-01	7.717760048348509816e-01
2.403042777777777772e+01	6.176821983273595995e-01	7.717777357794026738e-01
2.403058083333333173e+01	6.188769414575865380e-01	7.717786229791393504e-01
2.403065805555555556e+01	6.200716845878135874e-01	7.717790706018471392e-01
2.403110833333333574e+01	6.212664277180406369e-01	7.717816806265768159e-01
2.403129694444444198e+01	6.224611708482675754e-01	7.717827738891227529e-01
2.403223166666666799e+01	6.236559139784946248e-01	7.717881917470428288e-01
2.403231277777777919e+01	6.248506571087215633e-01	7.717886618731889525e-01
2.403232055555555746e+01	6.260454002389486128e-01	7.717887069536785161e-01
2.403342833333333317e+01	6.272401433691755512e-01	7.717951275249907983e-01
2.403402388888888908e+01	6.284348864994026007e-01	7.717985791601114087e-01
2.403414555555555410e+01	6.296296296296295392e-01	7.717992842856594704e-01
2.403423833333333448e+01	6.308243727598565886e-01	7.717998219812647331e-01
2.403431055555555318e+01	6.320191158900836381e-01	7.718002405449857495e-01
2.403537888888888929e+01	6.332138590203105766e-01	7.718064318924490186e-01
2.403573861111111043e+01	6.344086021505376261e-01	7.718085165283794513e-01
2.403672555555555590e+01	6.356033452807645645e-01	7.718142358048587504e-01
2.403768250000000251e+01	6.367980884109916140e-01	7.718197809648927876e-01
2.403810027777777591e+01	6.379928315412185524e-01	7.718222017588426409e-01
2.403832666666666640e+01	6.391875746714456019e-01	7.718235135377110590e-01
2.403995722222222398e+01	6.403823178016726514e-01	7.718329611277384705e-01
2.404012611111111042e+01	6.415770609318995898e-01	7.718339396417644993e-01
2.404085305555555507e+01	6.427718040621266393e-01	7.718381513425531804e-01
2.404088305555555749e+01	6.439665471923535778e-01	7.718383251503908582e-01
2.404171611111111062e+01	6.451612903225806273e-01	7.718431514328230048e-01
2.404343833333333080e+01	6.463560334528075657e-01	7.718531284408773896e-01
2.404378833333333532e+01	6.475507765830346152e-01	7.718551559217651237e-01
2.404510888888889042e+01	6.487455197132615536e-01	7.718628053211450402e-01
2.404532805555555441e+01	6.499402628434886031e-01	7.718640748088884118e-01
2.404559500000000227e+01	6.511350059737156526e-01	7.718656210230270265e-01
2.404623861111111083e+01	6.523297491039425910e-01	7.718693489074587299e-01
2.404662194444444623e+01	6.535244922341696405e-01	7.718715691702895398e-01
2.404797388888889031e+01	6.547192353643965790e-01	7.718793992806872728e-01
2.404839055555555660e+01	6.559139784946236285e-01	7.718818123993304026e-01
2.404877194444444299e+01	6.571087216248505669e-01	7.718840211633763992e-01
2.404878583333333353e+01	6.583034647550776164e-01	7.718841015982748077e-01
2.404959333333333049e+01	6.594982078853046659e-01	7.718887779876398847e-01
2.405199416666666679e+01	6.606929510155316043e-01	7.719026805694164661e-01
2.405310166666666660e+01	6.618876941457586538e-01	7.719090932447369990e-01
2.405511277777777934e+01	6.630824372759855923e-01	7.719207371286986863e-01
2.405612888888888889e+01	6.642771804062126417e-01	7.719266197417125053e-01
2.405776333333333383e+01	6.654719235364395802e-01	7.719360814725950704e-01
2.405782194444444499e+01	6.666666666666666297e-01	7.719364207555814428e-01
2.406077694444444504e+01	6.678614097968936791e-01	7.719535251239184603e-01
2.406300194444444429e+01	6.690561529271206176e-01	7.719664023874972525e-01
2.406476833333333332e+01	6.702508960573476671e-01	7.719766244082555406e-01
2.406478638888888710e+01	6.714456391875746055e-01	7.719767288903828240e-01
2.406531722222222314e+01	6.726403823178016550e-01	7.719798006229707799e-01
2.406569722222221941e+01	6.738351254480285935e-01	7.719819994900275484e-01
2.406664305555555217e+01	6.750298685782556429e-01	7.719874723667370375e-01
2.406680444444444333e+01	6.762246117084825814e-01	7.719884061857589241e-01
2.406685888888888769e+01	6.774193548387096309e-01	7.719887212073517357e-01
2.406703222222222394e+01	6.786140979689366803e-01	7.719897241275549549e-01
2.406830055555555603e+01	6.798088410991636188e-01	7.719970625400442987e-01
2.406885611111110990e+01	6.810035842293906683e-01	7.720002767667153432e-01
2.406994750000000138e+01	6.821983273596176067e-01	7.720065908562876444e-01
2.407089944444444285e+01	6.833930704898446562e-01	7.720120979280615803e-01
2.407263944444444093e+01	6.845878136200715947e-01	7.720221632877048989e-01
2.407295027777777818e+01	6.857825567502986441e-01	7.720239612702767262e-01
2.407469194444444582e+01	6.869772998805256936e-01	7.720340352427127462e-01
2.407614555555555569e+01	6.881720430107526321e-01	7.720424424050534862e-01
2.407724555555555668e+01	6.893667861409796815e-01	7.720488040041915134e-01
2.407917583333333056e+01	6.905615292712066200e-01	7.720599664841610865e-01
2.407942277777777917e+01	6.917562724014336695e-01	7.720613944460754663e-01
2.408067083333333258e+01	6.929510155316606079e-01	7.720686110876240349e-01
2.408116527777777804e+01	6.941457586618876574e-01	7.720714699937645253e-01
2.408173999999999992e+01	6.953405017921147069e-01	7.720747929822635580e-01
2.408182944444444473e+01	6.965352449223416453e-01	7.720753101328790002e-01
2.408595777777777869e+01	6.977299880525686948e-01	7.720991768606918493e-01
2.408771666666666533e+01	6.989247311827956333e-01	7.721093438636863482e-01
2.408834027777777465e+01	7.001194743130226827e-01	7.721129483440439811e-01
2.408876444444444331e+01	7.013142174432496212e-01	7.721153999690413272e-01
2.408931194444444301e+01	7.025089605734766707e-01	7.721185643672947574e-01
2.409072277777777771e+01	7.037037037037036091e-01	7.721267181959206027e-01
2.409078722222222169e+01	7.048984468339306586e-01	7.721270906351522800e-01
2.409105499999999722e+01	7.060931899641577081e-01	7.721286381715920522e-01
2.409125194444444418e+01	7.072879330943846465e-01	7.721297763361761879e-01
2.409236611111111159e+01	7.084826762246116960e-01	7.721362150235476784e-01
2.409354388888888820e+01	7.096774193548386345e-01	7.721430209270609968e-01
2.409575027777777834e+01	7.108721624850656839e-01	7.721557696874309373e-01
2.409620166666666563e+01	7.120669056152926224e-01	7.721583776903196972e-01
2.410034861111111226e+01	7.132616487455196719e-01	7.721823348751319926e-01
2.410197722222222438e+01	7.144563918757467214e-01	7.721917421236337287e-01
2.410361694444444325e+01	7.156511350059736598e-01	7.722012127832840189e-01
2.410445277777777662e+01	7.168458781362007093e-01	7.722060400680146319e-01
2.410459305555555787e+01	7.180406212664276477e-01	7.722068502108050403e-01
2.410609861111111130e+01	7.192353643966546972e-01	7.722155448530688693e-01
2.410950166666666661e+01	7.204301075268816357e-01	7.722351952351835802e-01
2.411043611111111318e+01	7.216248506571086851e-01	7.722405904487567030e-01
2.411100222222222200e+01	7.228195937873356236e-01	7.722438588897001521e-01
2.411101277777777696e+01	7.240143369175626731e-01	7.722439198312980313e-01
2.411479805555555700e+01	7.252090800477897226e-01	7.722657717482415141e-01
2.411574083333333363e+01	7.264038231780166610e-01	7.722712136426569396e-01
2.411611027777777849e+01	7.275985663082437105e-01	7.722733460774373615e-01
2.411913388888888932e+01	7.287933094384706489e-01	7.722907969017398511e-01
2.411922750000000093e+01	7.299880525686976984e-01	7.722913371380691894e-01
2.411990416666666803e+01	7.311827956989246369e-01	7.722952421544493351e-01
2.412037277777777788e+01	7.323775388291516864e-01	7.722979464135784067e-01
2.412046944444444563e+01	7.335722819593787358e-01	7.722985042493601959e-01
2.412129305555555447e+01	7.347670250896056743e-01	7.723032569657068969e-01
2.412185361111110993e+01	7.359617682198327238e-01	7.723064915869115588e-01
2.412201611111111177e+01	7.371565113500596622e-01	7.723074292575873301e-01
2.412238444444444596e+01	7.383512544802867117e-01	7.723095546164319147e-01
2.412444499999999792e+01	7.395459976105136501e-01	7.723214437272222233e-01
2.412472916666666478e+01	7.407407407407406996e-01	7.723230832327661055e-01
2.412609166666666383e+01	7.419354838709677491e-01	7.723309438836466478e-01
2.412700666666666649e+01	7.431302270011946876e-01	7.723362224809167120e-01
2.412808444444444689e+01	7.443249701314217370e-01	7.723424398288036841e-01
2.412810277777777657e+01	7.455197132616486755e-01	7.723425455849355359e-01
2.413004972222222477e+01	7.467144563918757250e-01	7.723537760176278910e-01
2.413038555555555575e+01	7.479091995221026634e-01	7.723557130733482712e-01
2.413118611111111278e+01	7.491039426523297129e-01	7.723603304737388653e-01
2.413314305555555705e+01	7.502986857825566513e-01	7.723716168577521302e-01
2.413471694444444537e+01	7.514934289127837008e-01	7.723806932305377071e-01
2.414051027777777847e+01	7.526881720430107503e-01	7.724140963746095601e-01
2.414630388888889101e+01	7.538829151732376888e-01	7.724474915144406983e-01
2.414668972222222010e+01	7.550776583034647382e-01	7.724497151676913420e-01
2.414860694444444533e+01	7.562724014336916767e-01	7.724607639636734691e-01
2.416547416666666592e+01	7.574671445639187262e-01	7.725579231067593033e-01
2.416804527777777878e+01	7.586618876941456646e-01	7.725727261681879510e-01
2.416863305555555641e+01	7.598566308243727141e-01	7.725761100083182731e-01
2.417356305555555807e+01	7.610513739545997636e-01	7.726044881643303608e-01
2.417620805555555563e+01	7.622461170848267020e-01	7.726197105022429845e-01
2.417848916666666881e+01	7.634408602150537515e-01	7.726328370064381446e-01
2.417982722222222236e+01	7.646356033452806900e-01	7.726405360685220103e-01
2.418051166666666774e+01	7.658303464755077394e-01	7.726444741083557943e-01
2.418199000000000254e+01	7.670250896057346779e-01	7.726529794348234725e-01
2.418224027777777962e+01	7.682198327359617274e-01	7.726544193015637552e-01
2.418264916666666409e+01	7.694145758661887768e-01	7.726567716314326484e-01
2.418504361111111223e+01	7.706093189964157153e-01	7.726705458668843285e-01
2.418591611111110851e+01	7.718040621266427648e-01	7.726755645873486511e-01
2.418637611111110886e+01	7.729988052568697032e-01	7.726782104729327250e-01
2.418699333333333357e+01	7.741935483870967527e-01	7.726817605941946887e-01
2.418768888888888569e+01	7.753882915173236912e-01	7.726857611407399462e-01
2.418796222222222170e+01	7.765830346475507406e-01	7.726873332027517360e-01
2.419009972222222160e+01	7.777777777777776791e-01	7.726996261849295999e-01
2.419169249999999849e+01	7.789725209080047286e-01	7.727087855668871574e-01
2.419214222222222332e+01	7.801672640382317780e-01	7.727113715956386297e-01
2.419245333333333292e+01	7.813620071684587165e-01	7.727131605379472523e-01
2.419321000000000055e+01	7.825567502986857660e-01	7.727175113860870193e-01
2.419357083333333236e+01	7.837514934289127044e-01	7.727195861273639110e-01
2.419395138888889107e+01	7.849462365591397539e-01	7.727217742284682167e-01
2.419502333333333510e+01	7.861409796893666924e-01	7.727279374242904675e-01
2.419526583333333036e+01	7.873357228195937418e-01	7.727293316442237492e-01
2.419600611111111022e+01	7.885304659498207913e-01	7.727335876644403356e-01
2.419609444444444435e+01	7.897252090800477298e-01	7.727340955018300317e-01
2.419681500000000085e+01	7.909199522102747792e-01	7.727382379665741485e-01
2.419776444444444508e+01	7.921146953405017177e-01	7.727436960848015346e-01
2.419852638888889018e+01	7.933094384707287672e-01	7.727480761267921938e-01
2.419904138888889022e+01	7.945041816009557056e-01	7.727510365135792370e-01
2.419921027777778022e+01	7.956989247311827551e-01	7.727520073251605837e-01
2.419997888888888937e+01	7.968936678614096936e-01	7.727564253732827071e-01
2.420006999999999664e+01	7.980884109916367430e-01	7.727569490772656646e-01
2.420131111111111011e+01	7.992831541218637925e-01	7.727640827119441891e-01
2.420350000000000179e+01	8.004778972520907310e-01	7.727766628966472595e-01
2.420581111111111028e+01	8.016726403823177804e-01	7.727899440477417059e-01
2.420727055555555651e+01	8.028673835125447189e-01	7.727983301837261232e-01
2.420954638888888866e+01	8.040621266427717684e-01	7.728114061746323982e-01
2.420999972222222141e+01	8.052568697729987068e-01	7.728140106631994355e-01
2.421130916666666621e+01	8.064516129032257563e-01	7.728215333489515393e-01
2.421157249999999905e+01	8.076463560334528058e-01	7.728230461254335104e-01
2.421271972222222146e+01	8.088410991636797442e-01	7.728296363666152802e-01
2.421273277777777722e+01	8.100358422939067937e-01	7.728297113623625592e-01
2.421552416666666829e+01	8.112305854241337322e-01	7.728457449779323474e-01
2.421618555555555474e+01	8.124253285543607817e-01	7.728495436419738907e-01
2.421916638888888684e+01	8.136200716845877201e-01	7.728666624105733352e-01
2.421982750000000095e+01	8.148148148148147696e-01	7.728704587944824622e-01
2.421985916666666583e+01	8.160095579450418191e-01	7.728706406349625802e-01
2.422253916666666740e+01	8.172043010752687575e-01	7.728860290488617224e-01
2.422333166666666671e+01	8.183990442054958070e-01	7.728905791494997679e-01
2.422393277777777598e+01	8.195937873357227454e-01	7.728940302809782503e-01
2.422480611111111060e+01	8.207885304659497949e-01	7.728990441263398070e-01
2.422539027777777676e+01	8.219832735961767334e-01	7.729023977320638172e-01
2.422579305555555607e+01	8.231780167264037829e-01	7.729047099572221580e-01
2.422677972222222564e+01	8.243727598566307213e-01	7.729103739167462184e-01
2.422893833333333191e+01	8.255675029868577708e-01	7.729227644581662116e-01
2.422954222222222143e+01	8.267622461170848203e-01	7.729262305751861684e-01
2.423057944444444445e+01	8.279569892473117587e-01	7.729321836364991816e-01
2.423206444444444330e+01	8.291517323775388082e-01	7.729407061537229007e-01
2.423216749999999919e+01	8.303464755077657466e-01	7.729412975734066826e-01
2.423223277777777795e+01	8.315412186379927961e-01	7.729416721907833576e-01
2.423548999999999864e+01	8.327359617682197346e-01	7.729603632640185129e-01
2.423599000000000103e+01	8.339307048984467841e-01	7.729632321710597775e-01
2.423609361111111227e+01	8.351254480286738335e-01	7.729638266634730748e-01
2.423674055555555640e+01	8.363201911589007720e-01	7.729675385860387271e-01
2.423784694444444199e+01	8.375149342891278215e-01	7.729738863516865122e-01
2.423824749999999995e+01	8.387096774193547599e-01	7.729761844025968553e-01
2.423881944444444514e+01	8.399044205495818094e-01	7.729794656598598657e-01
2.424004194444444238e+01	8.410991636798087479e-01	7.729864788566058742e-01
2.424089000000000027e+01	8.422939068100357973e-01	7.729913437038801183e-01
2.424155805555555432e+01	8.434886499402628468e-01	7.729951758423841968e-01
2.424171999999999727e+01	8.446833930704897853e-01	7.729961047782980543e-01
2.424331888888888997e+01	8.458781362007168347e-01	7.730052758283969538e-01
2.424391194444444508e+01	8.470728793309437732e-01	7.730086773451187998e-01
2.424519833333333452e+01	8.482676224611708227e-01	7.730160551866123164e-01
2.424824833333333274e+01	8.494623655913977611e-01	7.730335460116458668e-01
2.424876555555555413e+01	8.506571087216248106e-01	7.730365118625297516e-01
2.425115638888888725e+01	8.518518518518517491e-01	7.730502203709048725e-01
2.425564444444444590e+01	8.530465949820787985e-01	7.730759495091805711e-01
2.425790916666666774e+01	8.542413381123058480e-01	7.730889305476217332e-01
2.426230138888888987e+01	8.554360812425327865e-01	7.731141019444371931e-01
2.426323361111111154e+01	8.566308243727598359e-01	7.731194437157493660e-01
2.426829277777778060e+01	8.578255675029867744e-01	7.731484291962062994e-01
2.427007111111111115e+01	8.590203106332138239e-01	7.731586160783715522e-01
2.427180749999999776e+01	8.602150537634407623e-01	7.731685618248297365e-01
2.427350111111111275e+01	8.614097968936678118e-01	7.731782617249760570e-01
2.428264361111111214e+01	8.626045400238948613e-01	7.732306099845024372e-01
2.428600555555555474e+01	8.637992831541217997e-01	7.732498539082748312e-01
2.429629611111111132e+01	8.649940262843488492e-01	7.733087376581064820e-01
2.429934861111111033e+01	8.661887694145757877e-01	7.733261986611855709e-01
2.430388611111111175e+01	8.673835125448028371e-01	7.733521493422836901e-01
2.430577861111111204e+01	8.685782556750297756e-01	7.733629711313054766e-01
2.431206472222222459e+01	8.697729988052568251e-01	7.733989094325066649e-01
2.431226472222222412e+01	8.709677419354837635e-01	7.734000526686648502e-01
2.431230833333333408e+01	8.721624850657108130e-01	7.734003019561614956e-01
2.431254611111111075e+01	8.733572281959378625e-01	7.734016611193146318e-01
2.431561694444444655e+01	8.745519713261648009e-01	7.734192128970084346e-01
2.431679111111111169e+01	8.757467144563918504e-01	7.734259233078392137e-01
2.431756111111111096e+01	8.769414575866187889e-01	7.734303236783971469e-01
2.432101972222222130e+01	8.781362007168458383e-01	7.734500867724871664e-01
2.432302138888888621e+01	8.793309438470727768e-01	7.734615230963789445e-01
2.432479166666666615e+01	8.805256869772998263e-01	7.734716364615241702e-01
2.432866999999999891e+01	8.817204301075268758e-01	7.734937897844925692e-01
2.433290722222222158e+01	8.829151732377538142e-01	7.735179882618207214e-01
2.435480888888888984e+01	8.841099163679808637e-01	7.736429865390171967e-01
2.435797138888888824e+01	8.853046594982078021e-01	7.736610245653134932e-01
2.435806722222222120e+01	8.864994026284348516e-01	7.736615711282753827e-01
2.436156055555555611e+01	8.876941457586617901e-01	7.736814927741837433e-01
2.439203000000000188e+01	8.888888888888888395e-01	7.738551074310981992e-01
2.439709361111111008e+01	8.900836320191158890e-01	7.738839346095253147e-01
2.439808055555555555e+01	8.912783751493428275e-01	7.738895524553153216e-01
2.440035583333333236e+01	8.924731182795698770e-01	7.739025026608226110e-01
2.440241444444444241e+01	8.936678614097968154e-01	7.739142184142425718e-01
2.440455611111111267e+01	8.948626045400238649e-01	7.739264055849287560e-01
2.440457083333333443e+01	8.960573476702508033e-01	7.739264893574020476e-01
2.440664611111111171e+01	8.972520908004778528e-01	7.739382975075950188e-01
2.440674277777777945e+01	8.984468339307047913e-01	7.739388475031303560e-01
2.441062083333333277e+01	8.996415770609318407e-01	7.739609099650267554e-01
2.441103277777777691e+01	9.008363201911588902e-01	7.739632532912559260e-01
2.441399888888888725e+01	9.020310633213858287e-01	7.739801244699344718e-01
2.441457805555555538e+01	9.032258064516128782e-01	7.739834184706384512e-01
2.441508083333333090e+01	9.044205495818398166e-01	7.739862779347066457e-01
2.441555555555555657e+01	9.056152927120668661e-01	7.739889777725961206e-01
2.441564500000000137e+01	9.068100358422938045e-01	7.739894864535411534e-01
2.441983916666666588e+01	9.080047789725208540e-01	7.740133366532959691e-01
2.443183388888888885e+01	9.091995221027479035e-01	7.740815176926416630e-01
2.443457388888888815e+01	9.103942652329748420e-01	7.740970869043533042e-01
2.443625444444444383e+01	9.115890083632018914e-01	7.741066351093696118e-01
2.445688249999999897e+01	9.127837514934288299e-01	7.742237707455641438e-01
2.446876722222222256e+01	9.139784946236558794e-01	7.742912038018059384e-01
2.447049805555555579e+01	9.151732377538828178e-01	7.743010211415553012e-01
2.447370527777777838e+01	9.163679808841098673e-01	7.743192103986071828e-01
2.447898666666666756e+01	9.175627240143369168e-01	7.743491567239204620e-01
2.451174777777777791e+01	9.187574671445638552e-01	7.745347441603964711e-01
2.451844083333333302e+01	9.199522102747909047e-01	7.745726227678466635e-01
2.451896194444444532e+01	9.211469534050178432e-01	7.745755714168698347e-01
2.451959611111111315e+01	9.223416965352448926e-01	7.745791596764869391e-01
2.452060638888888988e+01	9.235364396654718311e-01	7.745848758280713398e-01
2.452172361111110988e+01	9.247311827956988806e-01	7.745911967416060362e-01
2.452358000000000260e+01	9.259259259259258190e-01	7.746016988762999267e-01
2.452930694444444626e+01	9.271206690561528685e-01	7.746340918532186315e-01
2.453258916666666423e+01	9.283154121863799180e-01	7.746526527933528250e-01
2.453300277777777794e+01	9.295101553166068564e-01	7.746549915489885363e-01
2.456228944444444551e+01	9.307048984468339059e-01	7.748204719701468068e-01
2.456340333333332993e+01	9.318996415770608444e-01	7.748267611664385601e-01
2.456616416666666680e+01	9.330943847072878938e-01	7.748423477979676788e-01
2.456820166666666694e+01	9.342891278375148323e-01	7.748538494090866369e-01
2.456917111111111041e+01	9.354838709677418818e-01	7.748593214838188636e-01
2.457415388888888685e+01	9.366786140979689312e-01	7.748874429097349914e-01
2.458037861111111155e+01	9.378733572281958697e-01	7.749225638932260019e-01
2.458603166666666695e+01	9.390681003584229192e-01	7.749544501631266957e-01
2.458885388888888812e+01	9.402628434886498576e-01	7.749703657118139910e-01
2.458895333333333610e+01	9.414575866188769071e-01	7.749709264755134663e-01
2.459012055555555420e+01	9.426523297491038456e-01	7.749775081963291568e-01
2.459217333333333144e+01	9.438470728793308950e-01	7.749890824671028522e-01
2.459220333333333386e+01	9.450418160095578335e-01	7.749892516088563443e-01
2.459261500000000211e+01	9.462365591397848830e-01	7.749915725845117898e-01
2.459420277777777741e+01	9.474313022700119324e-01	7.750005240339274959e-01
2.459546027777777866e+01	9.486260454002388709e-01	7.750076129757481613e-01
2.459927111111111131e+01	9.498207885304659204e-01	7.750290932360290874e-01
2.461577388888888862e+01	9.510155316606928588e-01	7.751220671105529814e-01
2.461711277777777696e+01	9.522102747909199083e-01	7.751296068958843932e-01
2.461734638888889037e+01	9.534050179211468468e-01	7.751309223970787032e-01
2.462413666666666856e+01	9.545997610513738962e-01	7.751691529644855194e-01
2.462556888888888906e+01	9.557945041816009457e-01	7.751772150303912756e-01
2.462628861111111078e+01	9.569892473118278842e-01	7.751812661774826196e-01
2.462809250000000105e+01	9.581839904420549336e-01	7.751914192176487806e-01
2.464309222222222218e+01	9.593787335722818721e-01	7.752758092725003936e-01
2.466971444444444117e+01	9.605734767025089216e-01	7.754254366261084108e-01
2.467137777777777785e+01	9.617682198327358600e-01	7.754347787609854326e-01
2.468866749999999755e+01	9.629629629629629095e-01	7.755318418418416515e-01
2.468918999999999997e+01	9.641577060931899590e-01	7.755347738398090662e-01
2.469207222222222242e+01	9.653524492234168974e-01	7.755509460276384104e-01
2.469390833333333646e+01	9.665471923536439469e-01	7.755612472866847407e-01
2.470210277777777819e+01	9.677419354838708854e-01	7.756072098948187943e-01
2.472419805555555428e+01	9.689366786140979348e-01	7.757310507768201413e-01
2.472651305555555723e+01	9.701314217443248733e-01	7.757440183070160034e-01
2.472777777777777786e+01	9.713261648745519228e-01	7.757511020624112685e-01
2.472899750000000196e+01	9.725209080047788612e-01	7.757579333577964142e-01
2.472996805555555255e+01	9.737156511350059107e-01	7.757633688560667817e-01
2.473167805555555532e+01	9.749103942652329602e-01	7.757729449130514876e-01
2.473294222222222416e+01	9.761051373954598986e-01	7.757800237757908057e-01
2.473642472222222111e+01	9.772998805256869481e-01	7.757995222256018897e-01
2.474181749999999980e+01	9.784946236559138866e-01	7.758297097595762137e-01
2.476657888888888692e+01	9.796893667861409360e-01	7.759682166561813199e-01
2.476888833333333650e+01	9.808841099163678745e-01	7.759811264064599978e-01
2.476935833333333292e+01	9.820788530465949240e-01	7.759837535198553793e-01
2.477711222222222531e+01	9.832735961768219735e-01	7.760270860125630943e-01
2.479206138888888944e+01	9.844683393070489119e-01	7.761105831043888514e-01
2.479304944444444558e+01	9.856630824372759614e-01	7.761160996532388001e-01
2.479949138888888882e+01	9.868578255675028998e-01	7.761520600652881408e-01
2.480127861111111187e+01	9.880525686977299493e-01	7.761620347549069709e-01
2.480243722222222402e+01	9.892473118279568878e-01	7.761685006318902458e-01
2.480430916666666974e+01	9.904420549581839373e-01	7.761789466488275835e-01
2.480448138888888820e+01	9.916367980884108757e-01	7.761799076532565067e-01
2.480677444444444646e+01	9.928315412186379252e-01	7.761927021958916484e-01
2.481145194444444257e+01	9.940262843488649747e-01	7.762187967838475311e-01
2.481361000000000061e+01	9.952210274790919131e-01	7.762308340304070464e-01
2.481392805555555725e+01	9.964157706093189626e-01	7.762326079805174084e-01
2.482535500000000184e+01	9.976105137395459010e-01	7.762963234169508731e-01
2.483083111111110952e+01	9.988052568697729505e-01	7.763268451049478713e-01
2.483284305555555704e+01	1.000000000000000000e+00	7.763380568530993120e-01
