6.872916666666666341e-01	0.000000000000000000e+00
1.188655555555555576e+00	5.263157894736841813e-02
1.580300555555555597e+00	1.052631578947368363e-01
1.742403611111111195e+00	1.578947368421052544e-01
2.364473888888888986e+00	2.105263157894736725e-01
2.649954722222222170e+00	2.631578947368420907e-01
2.789631944444444400e+00	3.157894736842105088e-01
2.867723333333333180e+00	3.684210526315789269e-01
2.875617222222222047e+00	4.210526315789473450e-01
2.979945277777777957e+00	4.736842105263157632e-01
3.071559166666666396e+00	5.263157894736841813e-01
3.078121944444444313e+00	5.789473684210526550e-01
3.262149722222221992e+00	6.315789473684210176e-01
3.448638611111111363e+00	6.842105263157893802e-01
6.634814444444444348e+00	7.368421052631578538e-01
9.807664722222222409e+00	7.894736842105263275e-01
1.045595277777777810e+01	8.421052631578946901e-01
1.046238416666666637e+01	8.947368421052630527e-01
1.396572805555555519e+01	9.473684210526315264e-01
1.647140222222222405e+01	1.000000000000000000e+00
3.489055555555555660e-02	0.000000000000000000e+00
3.697305555555555762e-02	1.351351351351351426e-02
3.810305555555555668e-02	2.702702702702702853e-02
3.984750000000000097e-02	4.054054054054054279e-02
6.050666666666666693e-02	5.405405405405405705e-02
9.166138888888888947e-02	6.756756756756757132e-02
9.607611111111111213e-02	8.108108108108108558e-02
9.882361111111111207e-02	9.459459459459459985e-02
1.114494444444444482e-01	1.081081081081081141e-01
1.167030555555555460e-01	1.216216216216216284e-01
1.276694444444444465e-01	1.351351351351351426e-01
1.335244444444444456e-01	1.486486486486486569e-01
1.377322222222222281e-01	1.621621621621621712e-01
1.818375000000000130e-01	1.756756756756756854e-01
1.930191666666666861e-01	1.891891891891891997e-01
2.780986111111111159e-01	2.027027027027027140e-01
2.829336111111110941e-01	2.162162162162162282e-01
2.975927777777778171e-01	2.297297297297297425e-01
5.886333333333333417e-01	2.432432432432432567e-01
5.965941666666666476e-01	2.567567567567567988e-01
6.149963888888888563e-01	2.702702702702702853e-01
6.196080555555555369e-01	2.837837837837837718e-01
7.364977777777776957e-01	2.972972972972973138e-01
8.376352777777777980e-01	3.108108108108108558e-01
9.166002777777777499e-01	3.243243243243243423e-01
1.469874722222222152e+00	3.378378378378378288e-01
5.013968055555555914e+00	3.513513513513513709e-01
5.287422222222222246e+00	3.648648648648649129e-01
7.922010833333334112e+00	3.783783783783783994e-01
8.721973333333332690e+00	3.918918918918918859e-01
1.198939944444444450e+01	4.054054054054054279e-01
1.213408527777777834e+01	4.189189189189189699e-01
1.472361694444444424e+01	4.324324324324324564e-01
1.493330916666666752e+01	4.459459459459459429e-01
1.552327416666666515e+01	4.594594594594594850e-01
1.560153222222222347e+01	4.729729729729730270e-01
1.564709277777777707e+01	4.864864864864865135e-01
1.755660027777777898e+01	5.000000000000000000e-01
1.809844000000000008e+01	5.135135135135135975e-01
1.856993222222222073e+01	5.270270270270270840e-01
1.921463888888888860e+01	5.405405405405405705e-01
2.157897694444444170e+01	5.540540540540540571e-01
2.174423611111111043e+01	5.675675675675675436e-01
2.210784722222222243e+01	5.810810810810811411e-01
2.406478638888888710e+01	5.945945945945946276e-01
2.406569722222221941e+01	6.081081081081081141e-01
2.406703222222222394e+01	6.216216216216217116e-01
2.406885611111110990e+01	6.351351351351351981e-01
2.407917583333333056e+01	6.486486486486486847e-01
2.408876444444444331e+01	6.621621621621621712e-01
2.409072277777777771e+01	6.756756756756756577e-01
2.412046944444444563e+01	6.891891891891892552e-01
2.412444499999999792e+01	7.027027027027027417e-01
2.418591611111110851e+01	7.162162162162162282e-01
2.420612111111110920e+01	7.297297297297298257e-01
2.420999527777777516e+01	7.432432432432433123e-01
2.421473861111110892e+01	7.567567567567567988e-01
2.422076194444444397e+01	7.702702702702702853e-01
2.425115638888888725e+01	7.837837837837837718e-01
2.435480888888888984e+01	7.972972972972973693e-01
2.435797138888888824e+01	8.108108108108108558e-01
2.435806722222222120e+01	8.243243243243243423e-01
2.436156055555555611e+01	8.378378378378379399e-01
2.440241444444444241e+01	8.513513513513514264e-01
2.440457083333333443e+01	8.648648648648649129e-01
2.440674277777777945e+01	8.783783783783783994e-01
2.441062083333333277e+01	8.918918918918918859e-01
2.441103277777777691e+01	9.054054054054054834e-01
2.441457805555555538e+01	9.189189189189189699e-01
2.441555555555555657e+01	9.324324324324324564e-01
2.441983916666666588e+01	9.459459459459460540e-01
2.447898666666666756e+01	9.594594594594595405e-01
2.462628861111111078e+01	9.729729729729730270e-01
2.468866749999999755e+01	9.864864864864865135e-01
2.469390833333333646e+01	1.000000000000000000e+00
1.757361111111111276e-02	0.000000000000000000e+00
2.378250000000000156e-02	9.708737864077669061e-03
2.873194444444444537e-02	1.941747572815533812e-02
2.984999999999999806e-02	2.912621359223300718e-02
3.118361111111110986e-02	3.883495145631067624e-02
3.279750000000000026e-02	4.854368932038834183e-02
3.361611111111111050e-02	5.825242718446601436e-02
3.488694444444444265e-02	6.796116504854368690e-02
4.232999999999999957e-02	7.766990291262135249e-02
4.927833333333332677e-02	8.737864077669901808e-02
5.758833333333333859e-02	9.708737864077668367e-02
7.565111111111111342e-02	1.067961165048543631e-01
7.639222222222222247e-02	1.165048543689320287e-01
8.289055555555555066e-02	1.262135922330097082e-01
9.530694444444444413e-02	1.359223300970873738e-01
1.467241666666666555e-01	1.456310679611650394e-01
1.695286111111111160e-01	1.553398058252427050e-01
1.892250000000000043e-01	1.650485436893203706e-01
2.297502777777777894e-01	1.747572815533980362e-01
3.081405555555555842e-01	1.844660194174757017e-01
3.967227777777777575e-01	1.941747572815533673e-01
4.115588888888889185e-01	2.038834951456310607e-01
4.404000000000000137e-01	2.135922330097087263e-01
4.479491666666666760e-01	2.233009708737863919e-01
4.950416666666667131e-01	2.330097087378640575e-01
5.064044444444444348e-01	2.427184466019417231e-01
5.281130555555555439e-01	2.524271844660194164e-01
5.470724999999999616e-01	2.621359223300970820e-01
5.946375000000000410e-01	2.718446601941747476e-01
5.970869444444444341e-01	2.815533980582524132e-01
7.126677777777776779e-01	2.912621359223300788e-01
9.009174999999999267e-01	3.009708737864077444e-01
9.191424999999999734e-01	3.106796116504854099e-01
1.033484999999999987e+00	3.203883495145630755e-01
1.344794999999999963e+00	3.300970873786407411e-01
1.443251666666666599e+00	3.398058252427184067e-01
1.632510833333333355e+00	3.495145631067960723e-01
1.958209722222222338e+00	3.592233009708737379e-01
1.960328611111111119e+00	3.689320388349514035e-01
2.234025277777777596e+00	3.786407766990290691e-01
2.430782499999999846e+00	3.883495145631067347e-01
2.432985555555555290e+00	3.980582524271844558e-01
2.536341666666666494e+00	4.077669902912621214e-01
2.699910000000000032e+00	4.174757281553397870e-01
2.753775555555555865e+00	4.271844660194174526e-01
2.921714166666666834e+00	4.368932038834951181e-01
3.015693333333333115e+00	4.466019417475727837e-01
3.051936388888888629e+00	4.563106796116504493e-01
3.057860000000000245e+00	4.660194174757281149e-01
3.336575555555555628e+00	4.757281553398057805e-01
3.501595277777777682e+00	4.854368932038834461e-01
3.634924166666666956e+00	4.951456310679611117e-01
4.605000000000000426e+00	5.048543689320388328e-01
4.888755555555555965e+00	5.145631067961164984e-01
6.195428333333333981e+00	5.242718446601941640e-01
6.610309166666667124e+00	5.339805825242718296e-01
6.741966944444444110e+00	5.436893203883494952e-01
6.969716111111110557e+00	5.533980582524271608e-01
7.571264166666666462e+00	5.631067961165048263e-01
8.063095000000000567e+00	5.728155339805824919e-01
8.827116666666666944e+00	5.825242718446601575e-01
8.833543611111110749e+00	5.922330097087378231e-01
1.080266305555555562e+01	6.019417475728154887e-01
1.363978750000000062e+01	6.116504854368931543e-01
1.685199888888888964e+01	6.213592233009708199e-01
2.401855194444444308e+01	6.310679611650484855e-01
2.402439277777777704e+01	6.407766990291261511e-01
2.403342833333333317e+01	6.504854368932038167e-01
2.403402388888888908e+01	6.601941747572814823e-01
2.404378833333333532e+01	6.699029126213591478e-01
2.404559500000000227e+01	6.796116504854368134e-01
2.404959333333333049e+01	6.893203883495144790e-01
2.405199416666666679e+01	6.990291262135921446e-01
2.405310166666666660e+01	7.087378640776698102e-01
2.405776333333333383e+01	7.184466019417474758e-01
2.405782194444444499e+01	7.281553398058251414e-01
2.406077694444444504e+01	7.378640776699028070e-01
2.406531722222222314e+01	7.475728155339804726e-01
2.406664305555555217e+01	7.572815533980581382e-01
2.406680444444444333e+01	7.669902912621358038e-01
2.406830055555555603e+01	7.766990291262134694e-01
2.408595777777777869e+01	7.864077669902912460e-01
2.408931194444444301e+01	7.961165048543689116e-01
2.410197722222222438e+01	8.058252427184465772e-01
2.412238444444444596e+01	8.155339805825242427e-01
2.412472916666666478e+01	8.252427184466019083e-01
2.412609166666666383e+01	8.349514563106795739e-01
2.412700666666666649e+01	8.446601941747572395e-01
2.416863305555555641e+01	8.543689320388349051e-01
2.425564444444444590e+01	8.640776699029125707e-01
2.425790916666666774e+01	8.737864077669902363e-01
2.426230138888888987e+01	8.834951456310679019e-01
2.426323361111111154e+01	8.932038834951455675e-01
2.426829277777778060e+01	9.029126213592232331e-01
2.439709361111111008e+01	9.126213592233008987e-01
2.440455611111111267e+01	9.223300970873785642e-01
2.440664611111111171e+01	9.320388349514562298e-01
2.441399888888888725e+01	9.417475728155338954e-01
2.441564500000000137e+01	9.514563106796115610e-01
2.445688249999999897e+01	9.611650485436892266e-01
2.467137777777777785e+01	9.708737864077668922e-01
2.472651305555555723e+01	9.805825242718445578e-01
2.472899750000000196e+01	9.902912621359222234e-01
2.473294222222222416e+01	1.000000000000000000e+00
